0,0,0,0,0,0,0,0,0,0,0,0,0,0,0,5,0,0,0,0,0,0,0,5,5,0,0,5,0,0,0,0,0,0,0,0,0,0,0,0,5,0,0,0,0,0,0,0,0,0,0,0,0,0,0,0,0,0,0,0,0,0,0,0,0,0,0,0,0,0,0,0,0,0,0,0,0,0,0,0,0,0,0,0,0,0,0,0,0,0,0,0,0,0,0,0,0,0,5,0,0,0,0,5,0,0,0,0,0,0,0,0,0,0,0,0,0,0,0,0,0,0,0,0,0,0,0,5,0,0,0,0,0,0,0,0,0,0,5,0
1,0.0,0.6660996916752312
2,0,0.6582744090441932
3,1,0.6360267214799589
4,2,0.6073679342240493
5,3,0.5697800616649538
6,6,0.5229013360739979
7,8,0.4689311408016444
8,10,0.41387564234326824
9,13,0.3627142857142857
10,16,0.30853854059609453
11,19,0.26039979445015415
12,21,0.22375539568345323
13,23,0.19284275436793422
14,26,0.17059095580678316
15,28,0.15089105858170607
16,30,0.1320596094552929
17,33,0.11815724563206578
18,34,0.10829599177800617
19,36,0.10089414182939363
20,38,0.09182733812949641
21,39,0.08091778006166496
22,41,0.06948406988694758
23,42,0.05963617677286742
24,44,0.04990955806783145
25,45,0.04222302158273381
26,46,0.03702055498458376
27,47,0.03322096608427544
28,48,0.0303967112024666
29,48,0.028351490236382323
30,49,0.026857142857142857
31,49,0.0264655704008222
32,49,0.025638232271325796
33,49,0.024473792394655705
34,49,0.02433710174717369
35,49,0.02419424460431655
36,49,0.024055498458376155
37,49,0.023912641315519012
38,50,0.023771839671120246
39,50,0.023771839671120246
5,100,140,0.3,0,200,0,0.14,38,50,0.023771839671120246,"[50, 50, 50, 50, 50, 50, 50, 50, 50, 50, 50, 50, 50, 50, 50, 50, 50, 50, 50, 50, 50, 50, 50, 50, 50, 50, 50, 50, 50, 50, 50, 50, 50, 50, 50, 50, 50, 50, 50, 50, 50, 50, 50, 50, 50, 50, 50, 50, 50, 50, 50, 50, 50, 50, 50, 50, 50, 50, 50, 50, 50, 50, 50, 50, 50, 50, 50, 50, 50, 50, 50, 50, 50, 50, 50, 50, 50, 50, 50, 50, 50, 50, 50, 50, 50, 50, 50, 50, 50, 50, 50, 50, 50, 50, 50, 50, 50, 50, 50, 50, 50, 50, 50, 50, 50, 50, 50, 50, 50, 50, 50, 50, 50, 50, 50, 50, 50, 50, 50, 50, 50, 50, 50, 50, 50, 50, 50, 50, 50, 50, 50, 50, 50, 50, 50, 50, 50, 50, 50, 50]"
