0,5,0,0,5,0,0,0,0,0,0,0,0,0,0,0,0,0,0,0,0,0,0,0,0,0,0,5,0,0,0,0,0,5,0,0,5,0,0,0,0,0,0,0,0,0,0,5,5,0,0,0,0,0,0,0,0,0,0,0,0,0,0,0,5,0,0,0,5,0,0,0,0,0,0,0,5,0,0,0,0,0,0,0,0,0,0,0,5,0,0,0,0,0,0,0,0,0,0,0,0,0,0,0,0,0,0,0,0,0,5,0,0,0,0,5,0,0,0,0,0,0,0,0,0,0,0,0,0,0,0,0,0,5,0,0,0,0,0,0
1,0.0,0.6667153134635149
5,100,140,0.3,0,0,0,2,0.36,2000,7,0.5984409044193217,"[5, 5, 5, 5, 20, 20, 20, 20, 0, 10, 10, 5, 0, 10, 10, 10, 10, 10, 0, 5, 5, 5, 5, 5, 5, 5, 5, 20, 20, 5, 20, 20, 20, 20, 5, 5, 5, 5, 5, 5, 5, 5, 5, 5, 0, 0, 0, 5, 0, 5, 5, 5, 5, 5, 5, 5, 20, 20, 5, 0, 0, 15, 15, 20, 20, 5, 5, 5, 5, 5, 5, 5, 10, 10, 10, 10, 10, 5, 10, 10, 10, 10, 10, 20, 5, 5, 5, 5, 5, 5, 5, 20, 0, 15, 5, 20, 20, 5, 5, 20, 0, 0, 0, 0, 20, 0, 0, 0, 0, 5, 5, 5, 20, 20, 20, 20, 0, 0, 0, 0, 0, 0, 0, 0, 0, 0, 0, 5, 20, 20, 20, 5, 5, 5, 5, 0, 5, 5, 5, 5]"
