0,0,0,0,0,0,0,0,0,0,0,0,0,0,5,0,0,5,0,0,0,0,0,0,0,0,0,0,0,0,0,0,0,0,0,0,0,5,0,0,0,0,0,0,0,0,0,0,0,0,0,0,0,0,0,5,0,0,0,0,0,0,0,0,0,0,0,0,5,0,0,0,0,0,0,0,0,0,0,0,0,0,0,0,5,0,0,0,0,0,0,0,0,5,0,0,0,0,0,0,0,5,0,0,0,0,0,0,0,0,0,0,0,5,0,0,0,0,0,0,0,0,0,0,0,0,0,0,0,0,0,0,0,0,0,0,5,0,0,0
1,0.0,0.6661079136690647
2,0,0.6660791366906474,0.1
3,0,0.6659537512846866,0.11
4,0,0.6659434737923946,0.12
5,0,0.6659989722507708,0.13
6,0,0.6659064748201439,0.14
7,0,0.6657646454265159,0.15000000000000002
8,0,0.6656413155190134,0.16000000000000003
9,0,0.6656002055498459,0.17000000000000004
10,0,0.6653011305241521,0.18000000000000005
11,0,0.6651983556012333,0.19000000000000006
12,0,0.6649948612538541,0.20000000000000007
13,0,0.6647821171634122,0.21000000000000008
14,0,0.6647029804727647,0.22000000000000008
15,0,0.6645200411099692,0.2300000000000001
16,0,0.6644758478931141,0.2400000000000001
17,0,0.6642466598150052,0.2500000000000001
18,0,0.6639630010277492,0.2600000000000001
19,0,0.6637297019527235,0.27000000000000013
20,0,0.6635118191161357,0.28000000000000014
21,0,0.6633144912641316,0.29000000000000015
22,0,0.6628437821171634,0.30000000000000016
23,0,0.6625724563206578,0.31000000000000016
24,0,0.6622055498458376,0.3200000000000002
25,0,0.6617183967112025,0.3300000000000002
26,0,0.6610133607399794,0.3400000000000002
27,1,0.6603484069886948,0.3500000000000002
28,1,0.659660842754368,0.3600000000000002
29,1,0.658950668036999,0.3700000000000002
30,1,0.6585590955806783,0.3800000000000002
31,1,0.6577307297019527,0.39000000000000024
32,1,0.6570318602261048,0.40000000000000024
33,1,0.6564635149023639,0.41000000000000025
34,1,0.6555138746145941,0.42000000000000026
35,1,0.6548057553956834,0.43000000000000027
36,1,0.653967112024666,0.4400000000000003
37,1,0.6530472764645426,0.4500000000000003
38,1,0.652153134635149,0.4600000000000003
39,1,0.6514450154162384,0.4700000000000003
40,1,0.6504049331963001,0.4800000000000003
41,1,0.6497297019527235,0.4900000000000003
42,2,0.6487636176772867,0.5000000000000003
43,2,0.6479773895169578,0.5100000000000003
44,2,0.6469558067831449,0.5200000000000004
45,2,0.6461469681397739,0.5300000000000004
46,2,0.6448890030832477,0.5400000000000004
47,2,0.6433915724563206,0.5500000000000004
48,2,0.6426587872559095,0.5600000000000004
49,2,0.641617677286742,0.5700000000000004
50,2,0.6403432682425488,0.5800000000000004
51,2,0.6388242548818088,0.5900000000000004
52,2,0.6369876670092497,0.6000000000000004
53,3,0.635464542651593,0.6100000000000004
54,3,0.6334182939362796,0.6200000000000004
55,3,0.6316793422404933,0.6300000000000004
56,3,0.6297893114080164,0.6400000000000005
57,3,0.6284748201438849,0.6500000000000005
58,3,0.6271068859198355,0.6600000000000005
59,3,0.6260462487153134,0.6700000000000005
60,3,0.6247800616649537,0.6800000000000005
61,3,0.6231603288797534,0.6900000000000005
62,3,0.6222117163412128,0.7000000000000005
63,4,0.6206587872559095,0.7100000000000005
64,4,0.6197245632065776,0.7200000000000005
65,4,0.618825282631038,0.7300000000000005
66,4,0.6178180883864337,0.7400000000000005
67,4,0.6170894141829394,0.7500000000000006
68,4,0.6160596094552929,0.7600000000000006
69,4,0.6152476875642343,0.7700000000000006
70,4,0.6144203494347379,0.7800000000000006
71,4,0.6133720452209661,0.7900000000000006
72,4,0.6127173689619733,0.8000000000000006
73,4,0.6124306269270298,0.8100000000000006
74,4,0.6116115107913669,0.8200000000000006
75,4,0.610617677286742,0.8300000000000006
76,4,0.6098838643371017,0.8400000000000006
77,4,0.6091212744090442,0.8500000000000006
78,4,0.6084984583761562,0.8600000000000007
79,4,0.607934224049332,0.8700000000000007
80,4,0.6070174717368962,0.8800000000000007
81,4,0.6062219938335046,0.8900000000000007
82,4,0.6056711202466598,0.9000000000000007
83,4,0.6052147995889003,0.9100000000000007
84,4,0.6045169578622817,0.9200000000000007
85,4,0.6038859198355602,0.9300000000000007
86,4,0.6031223021582733,0.9400000000000007
87,4,0.6021541623843782,0.9500000000000007
88,4,0.6008838643371017,0.9600000000000007
89,5,0.5998191161356629,0.9700000000000008
90,5,0.5989260020554985,0.9800000000000008
91,5,0.5978520041109969,0.9900000000000008
92,5,0.5960904419321685,1.0
93,5,0.5943669064748202,1.0
94,5,0.5928478931140801,1.0
95,5,0.5920287769784173,1.0
96,5,0.5910770811921892,1.0
97,5,0.5899876670092498,1.0
98,6,0.5886413155190133,1.0
99,6,0.5876156217882836,1.0
100,6,0.585863309352518,1.0
101,6,0.5842312435765673,1.0
102,6,0.5825580678314491,1.0
103,6,0.5810596094552929,1.0
104,6,0.5805806783144912,1.0
105,6,0.579115107913669,1.0
106,6,0.5780966084275437,1.0
107,6,0.5752281603288798,1.0
108,6,0.5729845837615621,1.0
109,6,0.5703545734840699,1.0
110,6,0.5661562178828365,1.0
111,7,0.562049331963001,1.0
112,7,0.5581274409044193,1.0
113,7,0.5538242548818089,1.0
114,7,0.5496700924974306,1.0
115,7,0.5456608427543679,1.0
116,7,0.542327852004111,1.0
117,7,0.5382682425488181,1.0
118,8,0.5344018499486125,1.0
119,8,0.5306783144912641,1.0
120,8,0.5279558067831449,1.0
121,8,0.5244573484069887,1.0
122,8,0.5211654676258993,1.0
123,8,0.5182045220966084,1.0
124,9,0.5152302158273381,1.0
125,9,0.5119763617677286,1.0
126,9,0.5072548818088386,1.0
127,9,0.5036649537512847,1.0
128,10,0.4995087358684481,1.0
129,10,0.4954830421377184,1.0
130,10,0.4910955806783145,1.0
131,10,0.48787769784172663,1.0
132,10,0.4853371017471737,1.0
133,11,0.4815508735868448,1.0
134,11,0.47910996916752313,1.0
135,11,0.47551901336074,1.0
136,12,0.47235560123329906,1.0
137,12,0.4692918807810894,1.0
138,12,0.4661942446043165,1.0
139,12,0.4635241521068859,1.0
140,12,0.4618735868448099,1.0
141,12,0.4590102774922919,1.0
142,13,0.45515827338129494,1.0
143,13,0.45322199383350464,1.0
144,14,0.45018499486125385,1.0
145,14,0.44799383350462485,1.0
146,14,0.4452250770811922,1.0
147,14,0.44294244604316546,1.0
148,15,0.44066906474820144,1.0
149,15,0.43781706063720455,1.0
150,15,0.43655395683453235,1.0
151,15,0.43439157245632065,1.0
152,16,0.43261664953751283,1.0
153,16,0.43014182939362794,1.0
154,16,0.4280020554984584,1.0
155,17,0.4257492291880781,1.0
156,17,0.4233350462487153,1.0
157,17,0.4221397738951696,1.0
158,17,0.4208078108941418,1.0
159,18,0.41869167523124357,1.0
160,18,0.4165909558067831,1.0
161,18,0.4157297019527235,1.0
162,19,0.41432065775950666,1.0
163,19,0.41359917780061667,1.0
164,19,0.4124912641315519,1.0
165,19,0.41188694758478933,1.0
166,19,0.41129085303186025,1.0
167,19,0.4102918807810894,1.0
168,19,0.4098612538540596,1.0
169,19,0.40903699897225076,1.0
170,19,0.40859917780061666,1.0
171,19,0.4080256937307297,1.0
172,20,0.4069815005138746,1.0
173,20,0.4067297019527235,1.0
174,20,0.4063874614594039,1.0
175,20,0.4062744090441932,1.0
176,20,0.40522816032887976,1.0
177,21,0.4043216855087359,1.0
178,21,0.4038108941418294,1.0
179,21,0.40224768756423435,1.0
180,21,0.4013453237410072,1.0
181,21,0.40137512846865364,1.0
182,21,0.4006731757451182,1.0
183,21,0.4003854059609455,1.0
184,21,0.3993329907502569,1.0
185,21,0.3993627954779034,1.0
186,22,0.39891572456320656,1.0
187,22,0.39835662898252827,1.0
188,22,0.39776156217882835,1.0
189,22,0.397448098663926,1.0
190,22,0.3968756423432682,1.0
191,22,0.39606474820143883,1.0
192,22,0.394606372045221,1.0
193,22,0.3942158273381295,1.0
194,22,0.3929362795477903,1.0
195,22,0.3922147995889003,1.0
196,23,0.3916135662898253,1.0
197,23,0.39097636176772865,1.0
198,23,0.3899660842754368,1.0
199,23,0.38922918807810897,1.0
200,23,0.3883895169578623,1.0
201,23,0.38785919835560123,1.0
202,23,0.38720041109969167,1.0
203,23,0.38606166495375127,1.0
204,23,0.385158273381295,1.0
205,23,0.3844727646454265,1.0
206,23,0.3826618705035971,1.0
207,23,0.381513874614594,1.0
208,24,0.37963412127440904,1.0
209,24,0.3776372045220966,1.0
210,24,0.3768437821171634,1.0
211,24,0.3756546762589928,1.0
212,24,0.37418499486125384,1.0
213,24,0.3734707091469681,1.0
214,24,0.3718725590955807,1.0
215,25,0.3706659815005139,1.0
216,25,0.36907091469681397,1.0
217,25,0.36869989722507707,1.0
218,25,0.3675878725590956,1.0
219,25,0.3668766700924974,1.0
220,26,0.365808838643371,1.0
221,26,0.3642744090441932,1.0
222,26,0.3622651593011305,1.0
223,26,0.3614213771839671,1.0
224,27,0.3600524152106886,1.0
225,27,0.3590051387461459,1.0
226,27,0.35779342240493317,1.0
227,27,0.3570760534429599,1.0
228,27,0.3561870503597122,1.0
229,27,0.3554840698869476,1.0
230,27,0.3544172661870504,1.0
231,27,0.35362487153134636,1.0
232,27,0.353393627954779,1.0
233,27,0.3531068859198356,1.0
234,27,0.3520400822199383,1.0
235,28,0.3514892086330935,1.0
236,28,0.35060945529290855,1.0
237,28,0.3505950668036999,1.0
238,28,0.3498365878725591,1.0
239,28,0.3496145940390545,1.0
240,28,0.3486032887975334,1.0
241,28,0.3480421377183967,1.0
242,28,0.34797738951695784,1.0
243,29,0.34765878725590954,1.0
244,29,0.346792394655704,1.0
245,29,0.3466145940390545,1.0
246,29,0.34626927029804727,1.0
247,29,0.34522096608427544,1.0
248,29,0.34470709146968137,1.0
249,29,0.34427132579650566,1.0
250,29,0.3438869475847893,1.0
251,29,0.3438376156217883,1.0
252,29,0.34359917780061666,1.0
253,29,0.34340082219938334,1.0
254,29,0.3431284686536485,1.0
255,29,0.3423268242548818,1.0
256,30,0.34208016443987666,1.0
257,30,0.34189208633093526,1.0
258,30,0.3414635149023638,1.0
259,30,0.34147276464542653,1.0
260,30,0.3410071942446043,1.0
261,30,0.34035765673175744,1.0
262,30,0.3397646454265159,1.0
263,30,0.3392918807810894,1.0
264,30,0.33878725590955805,1.0
265,30,0.3379558067831449,1.0
266,30,0.33791983556012334,1.0
267,30,0.3374141829393628,1.0
268,31,0.33669681397738954,1.0
269,31,0.3366608427543679,1.0
270,31,0.3361880781089414,1.0
271,31,0.33522096608427543,1.0
272,31,0.3350668036998972,1.0
273,31,0.33492908530318605,1.0
274,31,0.3338263103802672,1.0
275,31,0.33229085303186023,1.0
276,31,0.33115930113052416,1.0
277,31,0.33030832476875643,1.0
278,31,0.32891161356628984,1.0
279,31,0.3283422404933196,1.0
280,32,0.32755601233299075,1.0
281,32,0.326967112024666,1.0
282,32,0.3263967112024666,1.0
283,32,0.3264285714285714,1.0
284,32,0.3257081192189106,1.0
285,32,0.3251664953751285,1.0
286,32,0.32464234326824254,1.0
287,32,0.32348920863309355,1.0
288,32,0.3226896197327852,1.0
289,32,0.3216330935251799,1.0
290,32,0.32027440904419324,1.0
291,32,0.3195693730729702,1.0
292,33,0.3192795477903392,1.0
293,33,0.31879033915724564,1.0
294,33,0.31804008221993835,1.0
295,33,0.3174881808838643,1.0
296,33,0.3169722507708119,1.0
297,33,0.31647995889003083,1.0
298,33,0.3161490236382323,1.0
299,33,0.3159763617677287,1.0
300,33,0.31563001027749227,1.0
301,33,0.31566084275436795,1.0
302,33,0.31541109969167525,1.0
303,33,0.3148067831449126,1.0
304,33,0.3142559095580678,1.0
305,34,0.3138437821171634,1.0
306,34,0.3135611510791367,1.0
307,34,0.31341726618705035,1.0
308,34,0.3134398766700925,1.0
309,34,0.3137656731757451,1.0
310,34,0.31346762589928057,1.0
311,34,0.3134121274409044,1.0
312,34,0.31333915724563205,1.0
313,34,0.31328776978417266,1.0
314,34,0.31308324768756424,1.0
315,34,0.31277286742034943,1.0
316,34,0.31263206577595065,1.0
317,34,0.31268653648509764,1.0
318,34,0.3126443987667009,1.0
319,34,0.31256731757451184,1.0
320,34,0.3126567317574512,1.0
321,34,0.3126115107913669,1.0
322,34,0.3124594039054471,1.0
323,34,0.3124624871531346,1.0
324,34,0.3117523124357657,1.0
325,34,0.31138232271325794,1.0
326,34,0.3112055498458376,1.0
327,34,0.3110246659815005,1.0
328,34,0.3108365878725591,1.0
329,34,0.3105611510791367,1.0
330,34,0.31036998972250773,1.0
331,34,0.31038335046248716,1.0
332,34,0.3104563206577595,1.0
333,34,0.3104378211716341,1.0
334,34,0.3102692702980473,1.0
335,34,0.3101819116135663,1.0
336,34,0.3100945529290853,1.0
337,34,0.3100945529290853,1.0
338,34,0.3100945529290853,1.0
339,34,0.3098509763617677,1.0
340,34,0.3098509763617677,1.0
341,34,0.3098509763617677,1.0
342,34,0.3099198355601233,1.0
343,34,0.3100113052415211,1.0
344,34,0.3099732785200411,1.0
345,34,0.3099907502569373,1.0
346,34,0.3100606372045221,1.0
347,34,0.3099475847893114,1.0
348,34,0.3099568345323741,1.0
349,34,0.30987358684480987,1.0
350,34,0.30987358684480987,1.0
351,34,0.30987358684480987,1.0
352,34,0.30987358684480987,1.0
353,34,0.30987358684480987,1.0
354,34,0.30987358684480987,1.0
355,34,0.309950668036999,1.0
356,34,0.309950668036999,1.0
357,34,0.309863309352518,1.0
358,34,0.309863309352518,1.0
359,34,0.30977800616649537,1.0
360,34,0.30977800616649537,1.0
361,34,0.30977800616649537,1.0
362,34,0.30977800616649537,1.0
363,34,0.30977800616649537,1.0
364,34,0.30977800616649537,1.0
365,34,0.30977800616649537,1.0
366,34,0.30977800616649537,0.11
367,34,0.30977800616649537,0.12
368,34,0.30977800616649537,0.13
369,34,0.30977800616649537,0.14
370,34,0.30977800616649537,0.15000000000000002
371,34,0.30977800616649537,0.16000000000000003
372,34,0.30977800616649537,0.17000000000000004
373,34,0.30977800616649537,0.18000000000000005
374,34,0.30977800616649537,0.19000000000000006
375,34,0.30977800616649537,0.20000000000000007
376,34,0.30977800616649537,0.21000000000000008
377,34,0.30977800616649537,0.22000000000000008
378,34,0.30977800616649537,0.2300000000000001
379,34,0.30977800616649537,0.2400000000000001
380,34,0.30977800616649537,0.2500000000000001
381,34,0.30977800616649537,0.2600000000000001
382,34,0.30977800616649537,0.27000000000000013
383,34,0.30977800616649537,0.28000000000000014
384,34,0.30977800616649537,0.29000000000000015
385,34,0.30977800616649537,0.30000000000000016
386,34,0.30977800616649537,0.31000000000000016
387,34,0.30977800616649537,0.3200000000000002
388,34,0.30977800616649537,0.3300000000000002
389,34,0.30977800616649537,0.3400000000000002
390,34,0.30977800616649537,0.3500000000000002
391,34,0.30977800616649537,0.3600000000000002
392,34,0.30977800616649537,0.3700000000000002
393,34,0.30977800616649537,0.3800000000000002
394,34,0.30977800616649537,0.39000000000000024
395,34,0.30977800616649537,0.40000000000000024
396,34,0.30977800616649537,0.41000000000000025
397,34,0.30977800616649537,0.42000000000000026
398,34,0.30977800616649537,0.43000000000000027
399,34,0.30977800616649537,0.4400000000000003
400,34,0.30977800616649537,0.4500000000000003
401,34,0.30977800616649537,0.4600000000000003
402,34,0.30977800616649537,0.4700000000000003
403,34,0.30977800616649537,0.4800000000000003
404,34,0.30977800616649537,0.4900000000000003
405,34,0.30977800616649537,0.5000000000000003
406,34,0.30977800616649537,0.5100000000000003
407,34,0.30977800616649537,0.5200000000000004
408,34,0.30977800616649537,0.5300000000000004
409,34,0.30977800616649537,0.5400000000000004
410,34,0.30977800616649537,0.5500000000000004
411,34,0.30977800616649537,0.5600000000000004
412,34,0.30977800616649537,0.5700000000000004
413,34,0.30977800616649537,0.5800000000000004
414,34,0.30977800616649537,0.5900000000000004
415,34,0.30977800616649537,0.6000000000000004
416,34,0.30977800616649537,0.6100000000000004
417,34,0.30977800616649537,0.6200000000000004
418,34,0.30977800616649537,0.6300000000000004
419,34,0.30977800616649537,0.6400000000000005
420,34,0.30977800616649537,0.6500000000000005
421,34,0.30977800616649537,0.6600000000000005
422,34,0.30977800616649537,0.6700000000000005
423,34,0.30977800616649537,0.6800000000000005
424,34,0.30977800616649537,0.6900000000000005
425,34,0.30977800616649537,0.7000000000000005
426,34,0.30977800616649537,0.7100000000000005
427,34,0.30977800616649537,0.7200000000000005
428,34,0.30977800616649537,0.7300000000000005
429,34,0.30977800616649537,0.7400000000000005
430,34,0.30977800616649537,0.7500000000000006
431,34,0.30977800616649537,0.7600000000000006
432,34,0.30977800616649537,0.7700000000000006
433,34,0.30977800616649537,0.7800000000000006
434,34,0.30977800616649537,0.7900000000000006
435,34,0.30977800616649537,0.8000000000000006
436,34,0.30977800616649537,0.8100000000000006
437,34,0.30977800616649537,0.8200000000000006
438,34,0.30977800616649537,0.8300000000000006
439,34,0.30977800616649537,0.8400000000000006
440,34,0.30977800616649537,0.8500000000000006
441,34,0.30977800616649537,0.8600000000000007
442,34,0.30977800616649537,0.8700000000000007
443,34,0.30977800616649537,0.8800000000000007
444,34,0.30977800616649537,0.8900000000000007
445,34,0.30977800616649537,0.9000000000000007
446,34,0.30977800616649537,0.9100000000000007
447,34,0.30977800616649537,0.9200000000000007
448,34,0.30977800616649537,0.9300000000000007
449,34,0.30977800616649537,0.9400000000000007
450,34,0.30977800616649537,0.9500000000000007
451,34,0.30977800616649537,0.9600000000000007
452,34,0.30977800616649537,0.9700000000000008
453,34,0.30977800616649537,0.9800000000000008
454,34,0.30977800616649537,0.9900000000000008
455,34,0.30977800616649537,1.0
456,34,0.30977800616649537,1.0
457,34,0.30977800616649537,1.0
458,34,0.30977800616649537,1.0
459,34,0.30977800616649537,1.0
460,34,0.30977800616649537,1.0
461,34,0.30977800616649537,1.0
462,34,0.30977800616649537,1.0
463,34,0.30977800616649537,1.0
464,34,0.30977800616649537,1.0
465,34,0.30977800616649537,1.0
466,34,0.30977800616649537,1.0
467,34,0.30977800616649537,1.0
468,34,0.30977800616649537,1.0
469,34,0.30977800616649537,1.0
470,34,0.30977800616649537,1.0
471,34,0.30977800616649537,1.0
472,34,0.30977800616649537,1.0
473,34,0.30977800616649537,1.0
474,34,0.30977800616649537,1.0
475,34,0.30977800616649537,1.0
476,34,0.30977800616649537,1.0
477,34,0.30977800616649537,1.0
478,34,0.30977800616649537,1.0
479,34,0.30977800616649537,1.0
480,34,0.30977800616649537,1.0
481,34,0.30977800616649537,1.0
482,34,0.30977800616649537,1.0
483,34,0.30977800616649537,1.0
484,34,0.30977800616649537,1.0
485,34,0.30977800616649537,1.0
486,34,0.30977800616649537,1.0
487,34,0.30977800616649537,1.0
488,34,0.30977800616649537,1.0
489,34,0.30977800616649537,1.0
490,34,0.30977800616649537,1.0
491,34,0.30977800616649537,1.0
492,34,0.30977800616649537,1.0
493,34,0.30977800616649537,1.0
494,34,0.30977800616649537,1.0
495,34,0.30977800616649537,1.0
496,34,0.30977800616649537,1.0
497,34,0.30977800616649537,1.0
498,34,0.30977800616649537,1.0
499,34,0.30977800616649537,1.0
500,34,0.30977800616649537,1.0
501,34,0.30977800616649537,1.0
502,34,0.30977800616649537,1.0
503,34,0.30977800616649537,1.0
504,34,0.30977800616649537,1.0
505,34,0.30977800616649537,1.0
506,34,0.30977800616649537,1.0
507,34,0.30977800616649537,1.0
508,34,0.30977800616649537,1.0
509,34,0.30977800616649537,1.0
510,34,0.30977800616649537,1.0
511,34,0.30977800616649537,1.0
512,34,0.30977800616649537,1.0
513,34,0.30977800616649537,1.0
514,34,0.30977800616649537,1.0
515,34,0.30977800616649537,1.0
516,34,0.30977800616649537,1.0
517,34,0.30977800616649537,1.0
518,34,0.30977800616649537,1.0
519,34,0.30977800616649537,1.0
520,34,0.30977800616649537,1.0
521,34,0.30977800616649537,1.0
522,34,0.30977800616649537,1.0
523,34,0.30977800616649537,1.0
524,34,0.30977800616649537,1.0
525,34,0.30977800616649537,1.0
526,34,0.30977800616649537,1.0
527,34,0.30977800616649537,1.0
528,34,0.30977800616649537,1.0
529,34,0.30977800616649537,1.0
530,34,0.30977800616649537,1.0
531,34,0.30977800616649537,1.0
532,34,0.30977800616649537,1.0
533,34,0.30977800616649537,1.0
534,34,0.30977800616649537,1.0
535,34,0.30977800616649537,1.0
536,34,0.30977800616649537,1.0
537,34,0.30977800616649537,1.0
538,34,0.30977800616649537,1.0
539,34,0.30977800616649537,1.0
540,34,0.30977800616649537,1.0
541,34,0.30977800616649537,1.0
542,34,0.30977800616649537,1.0
543,34,0.30977800616649537,1.0
544,34,0.30977800616649537,1.0
545,34,0.30977800616649537,1.0
546,34,0.30977800616649537,1.0
547,34,0.30977800616649537,1.0
548,34,0.30977800616649537,1.0
549,34,0.30977800616649537,1.0
550,34,0.30977800616649537,1.0
551,34,0.30977800616649537,1.0
552,34,0.30977800616649537,1.0
553,34,0.30977800616649537,1.0
554,34,0.30977800616649537,1.0
555,34,0.30977800616649537,1.0
556,34,0.30977800616649537,1.0
557,34,0.30977800616649537,1.0
558,34,0.30977800616649537,1.0
559,34,0.30977800616649537,1.0
560,34,0.30977800616649537,1.0
561,34,0.30977800616649537,1.0
562,34,0.30977800616649537,1.0
563,34,0.30977800616649537,1.0
564,34,0.30977800616649537,1.0
565,34,0.30977800616649537,1.0
566,34,0.30977800616649537,1.0
567,34,0.30977800616649537,1.0
568,34,0.30977800616649537,1.0
569,34,0.30977800616649537,1.0
570,34,0.30977800616649537,1.0
571,34,0.30977800616649537,1.0
572,34,0.30977800616649537,1.0
573,34,0.30977800616649537,1.0
574,34,0.30977800616649537,1.0
575,34,0.30977800616649537,1.0
576,34,0.30977800616649537,1.0
577,34,0.30977800616649537,1.0
578,34,0.30977800616649537,1.0
579,34,0.30977800616649537,1.0
580,34,0.30977800616649537,1.0
581,34,0.30977800616649537,1.0
582,34,0.30977800616649537,1.0
583,34,0.30977800616649537,1.0
584,34,0.30977800616649537,1.0
585,34,0.30977800616649537,1.0
586,34,0.30977800616649537,1.0
587,34,0.30977800616649537,1.0
588,34,0.30977800616649537,1.0
589,34,0.30977800616649537,1.0
590,34,0.30977800616649537,1.0
591,34,0.30977800616649537,1.0
592,34,0.30977800616649537,1.0
593,34,0.30977800616649537,1.0
594,34,0.30977800616649537,1.0
595,34,0.30977800616649537,1.0
596,34,0.30977800616649537,1.0
597,34,0.30977800616649537,1.0
598,34,0.30977800616649537,1.0
599,34,0.30977800616649537,1.0
600,34,0.30977800616649537,1.0
601,34,0.30977800616649537,1.0
602,34,0.30977800616649537,1.0
603,34,0.30977800616649537,1.0
604,34,0.30977800616649537,1.0
605,34,0.30977800616649537,1.0
606,34,0.30977800616649537,1.0
607,34,0.30977800616649537,1.0
608,34,0.30977800616649537,1.0
609,34,0.30977800616649537,1.0
610,34,0.30977800616649537,1.0
611,34,0.30977800616649537,1.0
612,34,0.30977800616649537,1.0
613,34,0.30977800616649537,1.0
614,34,0.30977800616649537,1.0
615,34,0.30977800616649537,1.0
616,34,0.30977800616649537,1.0
617,34,0.30977800616649537,1.0
618,34,0.30977800616649537,1.0
619,34,0.30977800616649537,1.0
620,34,0.30977800616649537,1.0
621,34,0.30977800616649537,1.0
622,34,0.30977800616649537,1.0
623,34,0.30977800616649537,1.0
624,34,0.30977800616649537,1.0
625,34,0.30977800616649537,1.0
626,34,0.30977800616649537,1.0
627,34,0.30977800616649537,1.0
628,34,0.30977800616649537,1.0
629,34,0.30977800616649537,1.0
630,34,0.30977800616649537,1.0
631,34,0.30977800616649537,1.0
632,34,0.30977800616649537,1.0
633,34,0.30977800616649537,1.0
634,34,0.30977800616649537,1.0
635,34,0.30977800616649537,1.0
636,34,0.30977800616649537,1.0
637,34,0.30977800616649537,1.0
638,34,0.30977800616649537,1.0
639,34,0.30977800616649537,1.0
640,34,0.30977800616649537,1.0
641,34,0.30977800616649537,1.0
642,34,0.30977800616649537,1.0
643,34,0.30977800616649537,1.0
644,34,0.30977800616649537,1.0
645,34,0.30977800616649537,1.0
646,34,0.30977800616649537,1.0
647,34,0.30977800616649537,1.0
648,34,0.30977800616649537,1.0
649,34,0.30977800616649537,1.0
650,34,0.30977800616649537,1.0
651,34,0.30977800616649537,1.0
652,34,0.30977800616649537,1.0
653,34,0.30977800616649537,1.0
654,34,0.30977800616649537,1.0
655,34,0.30977800616649537,1.0
656,34,0.30977800616649537,1.0
657,34,0.30977800616649537,1.0
658,34,0.30977800616649537,1.0
659,34,0.30977800616649537,1.0
660,34,0.30977800616649537,1.0
661,34,0.30977800616649537,1.0
662,34,0.30977800616649537,1.0
663,34,0.30977800616649537,1.0
664,34,0.30977800616649537,1.0
665,34,0.30977800616649537,1.0
666,34,0.30977800616649537,1.0
667,34,0.30977800616649537,1.0
668,34,0.30977800616649537,1.0
669,34,0.30977800616649537,1.0
670,34,0.30977800616649537,1.0
671,34,0.30977800616649537,1.0
672,34,0.30977800616649537,1.0
673,34,0.30977800616649537,1.0
674,34,0.30977800616649537,1.0
675,34,0.30977800616649537,1.0
676,34,0.30977800616649537,1.0
677,34,0.30977800616649537,1.0
678,34,0.30977800616649537,1.0
679,34,0.30977800616649537,1.0
680,34,0.30977800616649537,1.0
681,34,0.30977800616649537,1.0
682,34,0.30977800616649537,1.0
683,34,0.30977800616649537,1.0
684,34,0.30977800616649537,1.0
685,34,0.30977800616649537,1.0
686,34,0.30977800616649537,1.0
687,34,0.30977800616649537,1.0
688,34,0.30977800616649537,1.0
689,34,0.30977800616649537,1.0
690,34,0.30977800616649537,1.0
691,34,0.30977800616649537,1.0
692,34,0.30977800616649537,1.0
693,34,0.30977800616649537,1.0
694,34,0.30977800616649537,1.0
695,34,0.30977800616649537,1.0
696,34,0.30977800616649537,1.0
697,34,0.30977800616649537,1.0
698,34,0.30977800616649537,1.0
699,34,0.30977800616649537,1.0
700,34,0.30977800616649537,1.0
701,34,0.30977800616649537,1.0
702,34,0.30977800616649537,1.0
703,34,0.30977800616649537,1.0
704,34,0.30977800616649537,1.0
705,34,0.30977800616649537,1.0
706,34,0.30977800616649537,1.0
707,34,0.30977800616649537,1.0
708,34,0.30977800616649537,1.0
709,34,0.30977800616649537,1.0
710,34,0.30977800616649537,1.0
711,34,0.30977800616649537,1.0
712,34,0.30977800616649537,1.0
713,34,0.30977800616649537,1.0
714,34,0.30977800616649537,1.0
715,34,0.30977800616649537,1.0
716,34,0.30977800616649537,1.0
717,34,0.30977800616649537,1.0
718,34,0.30977800616649537,1.0
719,34,0.30977800616649537,1.0
720,34,0.30977800616649537,1.0
721,34,0.30977800616649537,1.0
722,34,0.30977800616649537,1.0
723,34,0.30977800616649537,1.0
724,34,0.30977800616649537,1.0
725,34,0.30977800616649537,1.0
726,34,0.30977800616649537,1.0
727,34,0.30977800616649537,1.0
728,34,0.30977800616649537,1.0
729,34,0.30977800616649537,1.0
730,34,0.30977800616649537,1.0
731,34,0.30977800616649537,1.0
732,34,0.30977800616649537,1.0
733,34,0.30977800616649537,1.0
734,34,0.30977800616649537,1.0
735,34,0.30977800616649537,1.0
736,34,0.30977800616649537,1.0
737,34,0.30977800616649537,1.0
738,34,0.30977800616649537,1.0
739,34,0.30977800616649537,1.0
740,34,0.30977800616649537,1.0
741,34,0.30977800616649537,1.0
742,34,0.30977800616649537,1.0
743,34,0.30977800616649537,1.0
744,34,0.30977800616649537,1.0
745,34,0.30977800616649537,1.0
746,34,0.30977800616649537,1.0
747,34,0.30977800616649537,1.0
748,34,0.30977800616649537,1.0
749,34,0.30977800616649537,1.0
750,34,0.30977800616649537,1.0
751,34,0.30977800616649537,1.0
752,34,0.30977800616649537,1.0
753,34,0.30977800616649537,1.0
754,34,0.30977800616649537,1.0
755,34,0.30977800616649537,1.0
756,34,0.30977800616649537,1.0
757,34,0.30977800616649537,1.0
758,34,0.30977800616649537,1.0
759,34,0.30977800616649537,1.0
760,34,0.30977800616649537,1.0
761,34,0.30977800616649537,1.0
762,34,0.30977800616649537,1.0
763,34,0.30977800616649537,1.0
764,34,0.30977800616649537,1.0
765,34,0.30977800616649537,1.0
766,34,0.30977800616649537,1.0
767,34,0.30977800616649537,1.0
768,34,0.30977800616649537,1.0
769,34,0.30977800616649537,1.0
770,34,0.30977800616649537,1.0
771,34,0.30977800616649537,1.0
772,34,0.30977800616649537,1.0
773,34,0.30977800616649537,1.0
774,34,0.30977800616649537,1.0
775,34,0.30977800616649537,1.0
776,34,0.30977800616649537,1.0
777,34,0.30977800616649537,1.0
778,34,0.30977800616649537,1.0
779,34,0.30977800616649537,1.0
780,34,0.30977800616649537,1.0
781,34,0.30977800616649537,1.0
782,34,0.30977800616649537,1.0
783,34,0.30977800616649537,1.0
784,34,0.30977800616649537,1.0
785,34,0.30977800616649537,1.0
786,34,0.30977800616649537,1.0
787,34,0.30977800616649537,1.0
788,34,0.30977800616649537,1.0
789,34,0.30977800616649537,1.0
790,34,0.30977800616649537,1.0
791,34,0.30977800616649537,1.0
792,34,0.30977800616649537,1.0
793,34,0.30977800616649537,1.0
794,34,0.30977800616649537,1.0
795,34,0.30977800616649537,1.0
796,34,0.30977800616649537,1.0
797,34,0.30977800616649537,1.0
798,34,0.30977800616649537,1.0
799,34,0.30977800616649537,1.0
800,34,0.30977800616649537,1.0
801,34,0.30977800616649537,1.0
802,34,0.30977800616649537,1.0
803,34,0.30977800616649537,1.0
804,34,0.30977800616649537,1.0
805,34,0.30977800616649537,1.0
806,34,0.30977800616649537,1.0
807,34,0.30977800616649537,1.0
808,34,0.30977800616649537,1.0
809,34,0.30977800616649537,1.0
810,34,0.30977800616649537,1.0
811,34,0.30977800616649537,1.0
812,34,0.30977800616649537,1.0
813,34,0.30977800616649537,1.0
814,34,0.30977800616649537,1.0
815,34,0.30977800616649537,1.0
816,34,0.30977800616649537,1.0
817,34,0.30977800616649537,1.0
818,34,0.30977800616649537,1.0
819,34,0.30977800616649537,1.0
820,34,0.30977800616649537,1.0
821,34,0.30977800616649537,1.0
822,34,0.30977800616649537,1.0
823,34,0.30977800616649537,1.0
824,34,0.30977800616649537,1.0
825,34,0.30977800616649537,1.0
826,34,0.30977800616649537,1.0
827,34,0.30977800616649537,1.0
828,34,0.30977800616649537,1.0
829,34,0.30977800616649537,1.0
830,34,0.30977800616649537,1.0
831,34,0.30977800616649537,1.0
832,34,0.30977800616649537,1.0
833,34,0.30977800616649537,1.0
834,34,0.30977800616649537,1.0
835,34,0.30977800616649537,1.0
836,34,0.30977800616649537,1.0
837,34,0.30977800616649537,1.0
838,34,0.30977800616649537,1.0
839,34,0.30977800616649537,1.0
840,34,0.30977800616649537,1.0
841,34,0.30977800616649537,1.0
842,34,0.30977800616649537,1.0
843,34,0.30977800616649537,1.0
844,34,0.30977800616649537,1.0
845,34,0.30977800616649537,1.0
846,34,0.30977800616649537,1.0
847,34,0.30977800616649537,1.0
848,34,0.30977800616649537,1.0
849,34,0.30977800616649537,1.0
850,34,0.30977800616649537,1.0
851,34,0.30977800616649537,1.0
852,34,0.30977800616649537,1.0
853,34,0.30977800616649537,1.0
854,34,0.30977800616649537,1.0
855,34,0.30977800616649537,1.0
856,34,0.30977800616649537,1.0
857,34,0.30977800616649537,1.0
858,34,0.30977800616649537,1.0
859,34,0.30977800616649537,1.0
860,34,0.30977800616649537,1.0
861,34,0.30977800616649537,1.0
862,34,0.30977800616649537,1.0
863,34,0.30977800616649537,1.0
864,34,0.30977800616649537,1.0
865,34,0.30977800616649537,1.0
866,34,0.30977800616649537,1.0
867,34,0.30977800616649537,1.0
868,34,0.30977800616649537,1.0
869,34,0.30977800616649537,1.0
870,34,0.30977800616649537,1.0
871,34,0.30977800616649537,1.0
872,34,0.30977800616649537,1.0
873,34,0.30977800616649537,1.0
874,34,0.30977800616649537,1.0
875,34,0.30977800616649537,1.0
876,34,0.30977800616649537,1.0
877,34,0.30977800616649537,1.0
878,34,0.30977800616649537,1.0
879,34,0.30977800616649537,1.0
880,34,0.30977800616649537,1.0
881,34,0.30977800616649537,1.0
882,34,0.30977800616649537,1.0
883,34,0.30977800616649537,1.0
884,34,0.30977800616649537,1.0
885,34,0.30977800616649537,1.0
886,34,0.30977800616649537,1.0
887,34,0.30977800616649537,1.0
888,34,0.30977800616649537,1.0
889,34,0.30977800616649537,1.0
890,34,0.30977800616649537,1.0
891,34,0.30977800616649537,1.0
892,34,0.30977800616649537,1.0
893,34,0.30977800616649537,1.0
894,34,0.30977800616649537,1.0
895,34,0.30977800616649537,1.0
896,34,0.30977800616649537,1.0
897,34,0.30977800616649537,1.0
898,34,0.30977800616649537,1.0
899,34,0.30977800616649537,1.0
900,34,0.30977800616649537,1.0
901,34,0.30977800616649537,1.0
902,34,0.30977800616649537,1.0
903,34,0.30977800616649537,1.0
904,34,0.30977800616649537,1.0
905,34,0.30977800616649537,1.0
906,34,0.30977800616649537,1.0
907,34,0.30977800616649537,1.0
908,34,0.30977800616649537,1.0
909,34,0.30977800616649537,1.0
910,34,0.30977800616649537,1.0
911,34,0.30977800616649537,1.0
912,34,0.30977800616649537,1.0
913,34,0.30977800616649537,1.0
914,34,0.30977800616649537,1.0
915,34,0.30977800616649537,1.0
916,34,0.30977800616649537,1.0
917,34,0.30977800616649537,1.0
918,34,0.30977800616649537,1.0
919,34,0.30977800616649537,1.0
920,34,0.30977800616649537,1.0
921,34,0.30977800616649537,1.0
922,34,0.30977800616649537,1.0
923,34,0.30977800616649537,1.0
924,34,0.30977800616649537,1.0
925,34,0.30977800616649537,1.0
926,34,0.30977800616649537,1.0
927,34,0.30977800616649537,1.0
928,34,0.30977800616649537,1.0
929,34,0.30977800616649537,1.0
930,34,0.30977800616649537,1.0
931,34,0.30977800616649537,1.0
932,34,0.30977800616649537,1.0
933,34,0.30977800616649537,1.0
934,34,0.30977800616649537,1.0
935,34,0.30977800616649537,1.0
936,34,0.30977800616649537,1.0
937,34,0.30977800616649537,1.0
938,34,0.30977800616649537,1.0
939,34,0.30977800616649537,1.0
940,34,0.30977800616649537,1.0
941,34,0.30977800616649537,1.0
942,34,0.30977800616649537,1.0
943,34,0.30977800616649537,1.0
944,34,0.30977800616649537,1.0
945,34,0.30977800616649537,1.0
946,34,0.30977800616649537,1.0
947,34,0.30977800616649537,1.0
948,34,0.30977800616649537,1.0
949,34,0.30977800616649537,1.0
950,34,0.30977800616649537,1.0
951,34,0.30977800616649537,1.0
952,34,0.30977800616649537,1.0
953,34,0.30977800616649537,1.0
954,34,0.30977800616649537,1.0
955,34,0.30977800616649537,1.0
956,34,0.30977800616649537,1.0
957,34,0.30977800616649537,1.0
958,34,0.30977800616649537,1.0
959,34,0.30977800616649537,1.0
960,34,0.30977800616649537,1.0
961,34,0.30977800616649537,1.0
962,34,0.30977800616649537,1.0
963,34,0.30977800616649537,1.0
964,34,0.30977800616649537,1.0
965,34,0.30977800616649537,1.0
966,34,0.30977800616649537,1.0
967,34,0.30977800616649537,1.0
968,34,0.30977800616649537,1.0
969,34,0.30977800616649537,1.0
970,34,0.30977800616649537,1.0
971,34,0.30977800616649537,1.0
972,34,0.30977800616649537,1.0
973,34,0.30977800616649537,1.0
974,34,0.30977800616649537,1.0
975,34,0.30977800616649537,1.0
976,34,0.30977800616649537,1.0
977,34,0.30977800616649537,1.0
978,34,0.30977800616649537,1.0
979,34,0.30977800616649537,1.0
980,34,0.30977800616649537,1.0
981,34,0.30977800616649537,1.0
982,34,0.30977800616649537,1.0
983,34,0.30977800616649537,1.0
984,34,0.30977800616649537,1.0
985,34,0.30977800616649537,1.0
986,34,0.30977800616649537,1.0
987,34,0.30977800616649537,1.0
988,34,0.30977800616649537,1.0
989,34,0.30977800616649537,1.0
990,34,0.30977800616649537,1.0
991,34,0.30977800616649537,1.0
992,34,0.30977800616649537,1.0
993,34,0.30977800616649537,1.0
994,34,0.30977800616649537,1.0
995,34,0.30977800616649537,1.0
996,34,0.30977800616649537,1.0
997,34,0.30977800616649537,1.0
998,34,0.30977800616649537,1.0
999,34,0.30977800616649537,1.0
1000,34,0.30977800616649537,1.0
1001,34,0.30977800616649537,1.0
1002,34,0.30977800616649537,1.0
1003,34,0.30977800616649537,1.0
1004,34,0.30977800616649537,1.0
1005,34,0.30977800616649537,1.0
1006,34,0.30977800616649537,1.0
1007,34,0.30977800616649537,1.0
1008,34,0.30977800616649537,1.0
1009,34,0.30977800616649537,1.0
1010,34,0.30977800616649537,1.0
1011,34,0.30977800616649537,1.0
1012,34,0.30977800616649537,1.0
1013,34,0.30977800616649537,1.0
1014,34,0.30977800616649537,1.0
1015,34,0.30977800616649537,1.0
1016,34,0.30977800616649537,1.0
1017,34,0.30977800616649537,1.0
1018,34,0.30977800616649537,1.0
1019,34,0.30977800616649537,1.0
1020,34,0.30977800616649537,1.0
1021,34,0.30977800616649537,1.0
1022,34,0.30977800616649537,1.0
1023,34,0.30977800616649537,1.0
1024,34,0.30977800616649537,1.0
1025,34,0.30977800616649537,1.0
1026,34,0.30977800616649537,1.0
1027,34,0.30977800616649537,1.0
1028,34,0.30977800616649537,1.0
1029,34,0.30977800616649537,1.0
1030,34,0.30977800616649537,1.0
1031,34,0.30977800616649537,1.0
1032,34,0.30977800616649537,1.0
1033,34,0.30977800616649537,1.0
1034,34,0.30977800616649537,1.0
1035,34,0.30977800616649537,1.0
1036,34,0.30977800616649537,1.0
1037,34,0.30977800616649537,1.0
1038,34,0.30977800616649537,1.0
1039,34,0.30977800616649537,1.0
1040,34,0.30977800616649537,1.0
1041,34,0.30977800616649537,1.0
1042,34,0.30977800616649537,1.0
1043,34,0.30977800616649537,1.0
1044,34,0.30977800616649537,1.0
1045,34,0.30977800616649537,1.0
1046,34,0.30977800616649537,1.0
1047,34,0.30977800616649537,1.0
1048,34,0.30977800616649537,1.0
1049,34,0.30977800616649537,1.0
1050,34,0.30977800616649537,1.0
1051,34,0.30977800616649537,1.0
1052,34,0.30977800616649537,1.0
1053,34,0.30977800616649537,1.0
1054,34,0.30977800616649537,1.0
1055,34,0.30977800616649537,1.0
1056,34,0.30977800616649537,1.0
1057,34,0.30977800616649537,1.0
1058,34,0.30977800616649537,1.0
1059,34,0.30977800616649537,1.0
1060,34,0.30977800616649537,1.0
1061,34,0.30977800616649537,1.0
1062,34,0.30977800616649537,1.0
1063,34,0.30977800616649537,1.0
1064,34,0.30977800616649537,1.0
1065,34,0.30977800616649537,1.0
1066,34,0.30977800616649537,1.0
1067,34,0.30977800616649537,1.0
1068,34,0.30977800616649537,1.0
1069,34,0.30977800616649537,1.0
1070,34,0.30977800616649537,1.0
1071,34,0.30977800616649537,1.0
1072,34,0.30977800616649537,1.0
1073,34,0.30977800616649537,1.0
1074,34,0.30977800616649537,1.0
1075,34,0.30977800616649537,1.0
1076,34,0.30977800616649537,1.0
1077,34,0.30977800616649537,1.0
1078,34,0.30977800616649537,1.0
1079,34,0.30977800616649537,1.0
1080,34,0.30977800616649537,1.0
1081,34,0.30977800616649537,1.0
1082,34,0.30977800616649537,1.0
1083,34,0.30977800616649537,1.0
1084,34,0.30977800616649537,1.0
1085,34,0.30977800616649537,1.0
1086,34,0.30977800616649537,1.0
1087,34,0.30977800616649537,1.0
1088,34,0.30977800616649537,1.0
1089,34,0.30977800616649537,1.0
1090,34,0.30977800616649537,1.0
1091,34,0.30977800616649537,1.0
1092,34,0.30977800616649537,1.0
1093,34,0.30977800616649537,1.0
1094,34,0.30977800616649537,1.0
1095,34,0.30977800616649537,1.0
1096,34,0.30977800616649537,1.0
1097,34,0.30977800616649537,1.0
1098,34,0.30977800616649537,1.0
1099,34,0.30977800616649537,1.0
1100,34,0.30977800616649537,1.0
1101,34,0.30977800616649537,1.0
1102,34,0.30977800616649537,1.0
1103,34,0.30977800616649537,1.0
1104,34,0.30977800616649537,1.0
1105,34,0.30977800616649537,1.0
1106,34,0.30977800616649537,1.0
1107,34,0.30977800616649537,1.0
1108,34,0.30977800616649537,1.0
1109,34,0.30977800616649537,1.0
1110,34,0.30977800616649537,1.0
1111,34,0.30977800616649537,1.0
1112,34,0.30977800616649537,1.0
1113,34,0.30977800616649537,1.0
1114,34,0.30977800616649537,1.0
1115,34,0.30977800616649537,1.0
1116,34,0.30977800616649537,1.0
1117,34,0.30977800616649537,1.0
1118,34,0.30977800616649537,1.0
1119,34,0.30977800616649537,1.0
1120,34,0.30977800616649537,1.0
1121,34,0.30977800616649537,1.0
1122,34,0.30977800616649537,1.0
1123,34,0.30977800616649537,1.0
1124,34,0.30977800616649537,1.0
1125,34,0.30977800616649537,1.0
1126,34,0.30977800616649537,1.0
1127,34,0.30977800616649537,1.0
1128,34,0.30977800616649537,1.0
1129,34,0.30977800616649537,1.0
1130,34,0.30977800616649537,1.0
1131,34,0.30977800616649537,1.0
1132,34,0.30977800616649537,1.0
1133,34,0.30977800616649537,1.0
1134,34,0.30977800616649537,1.0
1135,34,0.30977800616649537,1.0
1136,34,0.30977800616649537,1.0
1137,34,0.30977800616649537,1.0
1138,34,0.30977800616649537,1.0
1139,34,0.30977800616649537,1.0
1140,34,0.30977800616649537,1.0
1141,34,0.30977800616649537,1.0
1142,34,0.30977800616649537,1.0
1143,34,0.30977800616649537,1.0
1144,34,0.30977800616649537,1.0
1145,34,0.30977800616649537,1.0
1146,34,0.30977800616649537,1.0
1147,34,0.30977800616649537,1.0
1148,34,0.30977800616649537,1.0
1149,34,0.30977800616649537,1.0
1150,34,0.30977800616649537,1.0
1151,34,0.30977800616649537,1.0
1152,34,0.30977800616649537,1.0
1153,34,0.30977800616649537,1.0
1154,34,0.30977800616649537,1.0
1155,34,0.30977800616649537,1.0
1156,34,0.30977800616649537,1.0
1157,34,0.30977800616649537,1.0
1158,34,0.30977800616649537,1.0
1159,34,0.30977800616649537,1.0
1160,34,0.30977800616649537,1.0
1161,34,0.30977800616649537,1.0
1162,34,0.30977800616649537,1.0
1163,34,0.30977800616649537,1.0
1164,34,0.30977800616649537,1.0
1165,34,0.30977800616649537,1.0
1166,34,0.30977800616649537,1.0
1167,34,0.30977800616649537,1.0
1168,34,0.30977800616649537,1.0
1169,34,0.30977800616649537,1.0
1170,34,0.30977800616649537,1.0
1171,34,0.30977800616649537,1.0
1172,34,0.30977800616649537,1.0
1173,34,0.30977800616649537,1.0
1174,34,0.30977800616649537,1.0
1175,34,0.30977800616649537,1.0
1176,34,0.30977800616649537,1.0
1177,34,0.30977800616649537,1.0
1178,34,0.30977800616649537,1.0
1179,34,0.30977800616649537,1.0
1180,34,0.30977800616649537,1.0
1181,34,0.30977800616649537,1.0
1182,34,0.30977800616649537,1.0
1183,34,0.30977800616649537,1.0
1184,34,0.30977800616649537,1.0
1185,34,0.30977800616649537,1.0
1186,34,0.30977800616649537,1.0
1187,34,0.30977800616649537,1.0
1188,34,0.30977800616649537,1.0
1189,34,0.30977800616649537,1.0
1190,34,0.30977800616649537,1.0
1191,34,0.30977800616649537,1.0
1192,34,0.30977800616649537,1.0
1193,34,0.30977800616649537,1.0
1194,34,0.30977800616649537,1.0
1195,34,0.30977800616649537,1.0
1196,34,0.30977800616649537,1.0
1197,34,0.30977800616649537,1.0
1198,34,0.30977800616649537,1.0
1199,34,0.30977800616649537,1.0
1200,34,0.30977800616649537,1.0
1201,34,0.30977800616649537,1.0
1202,34,0.30977800616649537,1.0
1203,34,0.30977800616649537,1.0
1204,34,0.30977800616649537,1.0
1205,34,0.30977800616649537,1.0
1206,34,0.30977800616649537,1.0
1207,34,0.30977800616649537,1.0
1208,34,0.30977800616649537,1.0
1209,34,0.30977800616649537,1.0
1210,34,0.30977800616649537,1.0
1211,34,0.30977800616649537,1.0
1212,34,0.30977800616649537,1.0
1213,34,0.30977800616649537,1.0
1214,34,0.30977800616649537,1.0
1215,34,0.30977800616649537,1.0
1216,34,0.30977800616649537,1.0
1217,34,0.30977800616649537,1.0
1218,34,0.30977800616649537,1.0
1219,34,0.30977800616649537,1.0
1220,34,0.30977800616649537,1.0
1221,34,0.30977800616649537,1.0
1222,34,0.30977800616649537,1.0
1223,34,0.30977800616649537,1.0
1224,34,0.30977800616649537,1.0
1225,34,0.30977800616649537,1.0
1226,34,0.30977800616649537,1.0
1227,34,0.30977800616649537,1.0
1228,34,0.30977800616649537,1.0
1229,34,0.30977800616649537,1.0
1230,34,0.30977800616649537,1.0
1231,34,0.30977800616649537,1.0
1232,34,0.30977800616649537,1.0
1233,34,0.30977800616649537,1.0
1234,34,0.30977800616649537,1.0
1235,34,0.30977800616649537,1.0
1236,34,0.30977800616649537,1.0
1237,34,0.30977800616649537,1.0
1238,34,0.30977800616649537,1.0
1239,34,0.30977800616649537,1.0
1240,34,0.30977800616649537,1.0
1241,34,0.30977800616649537,1.0
1242,34,0.30977800616649537,1.0
1243,34,0.30977800616649537,1.0
1244,34,0.30977800616649537,1.0
1245,34,0.30977800616649537,1.0
1246,34,0.30977800616649537,1.0
1247,34,0.30977800616649537,1.0
1248,34,0.30977800616649537,1.0
1249,34,0.30977800616649537,1.0
1250,34,0.30977800616649537,1.0
1251,34,0.30977800616649537,1.0
1252,34,0.30977800616649537,1.0
1253,34,0.30977800616649537,1.0
1254,34,0.30977800616649537,1.0
1255,34,0.30977800616649537,1.0
1256,34,0.30977800616649537,1.0
1257,34,0.30977800616649537,1.0
1258,34,0.30977800616649537,1.0
1259,34,0.30977800616649537,1.0
1260,34,0.30977800616649537,1.0
1261,34,0.30977800616649537,1.0
1262,34,0.30977800616649537,1.0
1263,34,0.30977800616649537,1.0
1264,34,0.30977800616649537,1.0
1265,34,0.30977800616649537,1.0
1266,34,0.30977800616649537,1.0
1267,34,0.30977800616649537,1.0
1268,34,0.30977800616649537,1.0
1269,34,0.30977800616649537,1.0
1270,34,0.30977800616649537,1.0
1271,34,0.30977800616649537,1.0
1272,34,0.30977800616649537,1.0
1273,34,0.30977800616649537,1.0
1274,34,0.30977800616649537,1.0
1275,34,0.30977800616649537,1.0
1276,34,0.30977800616649537,1.0
1277,34,0.30977800616649537,1.0
1278,34,0.30977800616649537,1.0
1279,34,0.30977800616649537,1.0
1280,34,0.30977800616649537,1.0
1281,34,0.30977800616649537,1.0
1282,34,0.30977800616649537,1.0
1283,34,0.30977800616649537,1.0
1284,34,0.30977800616649537,1.0
1285,34,0.30977800616649537,1.0
1286,34,0.30977800616649537,1.0
1287,34,0.30977800616649537,1.0
1288,34,0.30977800616649537,1.0
1289,34,0.30977800616649537,1.0
1290,34,0.30977800616649537,1.0
1291,34,0.30977800616649537,1.0
1292,34,0.30977800616649537,1.0
1293,34,0.30977800616649537,1.0
1294,34,0.30977800616649537,1.0
1295,34,0.30977800616649537,1.0
1296,34,0.30977800616649537,1.0
1297,34,0.30977800616649537,1.0
1298,34,0.30977800616649537,1.0
1299,34,0.30977800616649537,1.0
1300,34,0.30977800616649537,1.0
1301,34,0.30977800616649537,1.0
1302,34,0.30977800616649537,1.0
1303,34,0.30977800616649537,1.0
1304,34,0.30977800616649537,1.0
1305,34,0.30977800616649537,1.0
1306,34,0.30977800616649537,1.0
1307,34,0.30977800616649537,1.0
1308,34,0.30977800616649537,1.0
1309,34,0.30977800616649537,1.0
1310,34,0.30977800616649537,1.0
1311,34,0.30977800616649537,1.0
1312,34,0.30977800616649537,1.0
1313,34,0.30977800616649537,1.0
1314,34,0.30977800616649537,1.0
1315,34,0.30977800616649537,1.0
1316,34,0.30977800616649537,1.0
1317,34,0.30977800616649537,1.0
1318,34,0.30977800616649537,1.0
1319,34,0.30977800616649537,1.0
1320,34,0.30977800616649537,1.0
1321,34,0.30977800616649537,1.0
1322,34,0.30977800616649537,1.0
1323,34,0.30977800616649537,1.0
1324,34,0.30977800616649537,1.0
1325,34,0.30977800616649537,1.0
1326,34,0.30977800616649537,1.0
1327,34,0.30977800616649537,1.0
1328,34,0.30977800616649537,1.0
1329,34,0.30977800616649537,1.0
1330,34,0.30977800616649537,1.0
1331,34,0.30977800616649537,1.0
1332,34,0.30977800616649537,1.0
1333,34,0.30977800616649537,1.0
1334,34,0.30977800616649537,1.0
1335,34,0.30977800616649537,1.0
1336,34,0.30977800616649537,1.0
1337,34,0.30977800616649537,1.0
1338,34,0.30977800616649537,1.0
1339,34,0.30977800616649537,1.0
1340,34,0.30977800616649537,1.0
1341,34,0.30977800616649537,1.0
1342,34,0.30977800616649537,1.0
1343,34,0.30977800616649537,1.0
1344,34,0.30977800616649537,1.0
1345,34,0.30977800616649537,1.0
1346,34,0.30977800616649537,1.0
1347,34,0.30977800616649537,1.0
1348,34,0.30977800616649537,1.0
1349,34,0.30977800616649537,1.0
1350,34,0.30977800616649537,1.0
1351,34,0.30977800616649537,1.0
1352,34,0.30977800616649537,1.0
1353,34,0.30977800616649537,1.0
1354,34,0.30977800616649537,1.0
1355,34,0.30977800616649537,1.0
1356,34,0.30977800616649537,1.0
1357,34,0.30977800616649537,1.0
1358,34,0.30977800616649537,1.0
1359,34,0.30977800616649537,1.0
1360,34,0.30977800616649537,1.0
1361,34,0.30977800616649537,1.0
1362,34,0.30977800616649537,1.0
1363,34,0.30977800616649537,1.0
1364,34,0.30977800616649537,1.0
1365,34,0.30977800616649537,1.0
1366,34,0.30977800616649537,1.0
1367,34,0.30977800616649537,1.0
1368,34,0.30977800616649537,1.0
1369,34,0.30977800616649537,1.0
1370,34,0.30977800616649537,1.0
1371,34,0.30977800616649537,1.0
1372,34,0.30977800616649537,1.0
1373,34,0.30977800616649537,1.0
1374,34,0.30977800616649537,1.0
1375,34,0.30977800616649537,1.0
1376,34,0.30977800616649537,1.0
1377,34,0.30977800616649537,1.0
1378,34,0.30977800616649537,1.0
1379,34,0.30977800616649537,1.0
1380,34,0.30977800616649537,1.0
1381,34,0.30977800616649537,1.0
1382,34,0.30977800616649537,1.0
1383,34,0.30977800616649537,1.0
1384,34,0.30977800616649537,1.0
1385,34,0.30977800616649537,1.0
1386,34,0.30977800616649537,1.0
1387,34,0.30977800616649537,1.0
1388,34,0.30977800616649537,1.0
1389,34,0.30977800616649537,1.0
1390,34,0.30977800616649537,1.0
1391,34,0.30977800616649537,1.0
1392,34,0.30977800616649537,1.0
1393,34,0.30977800616649537,1.0
1394,34,0.30977800616649537,1.0
1395,34,0.30977800616649537,1.0
1396,34,0.30977800616649537,1.0
1397,34,0.30977800616649537,1.0
1398,34,0.30977800616649537,1.0
1399,34,0.30977800616649537,1.0
1400,34,0.30977800616649537,1.0
1401,34,0.30977800616649537,1.0
1402,34,0.30977800616649537,1.0
1403,34,0.30977800616649537,1.0
1404,34,0.30977800616649537,1.0
1405,34,0.30977800616649537,1.0
1406,34,0.30977800616649537,1.0
1407,34,0.30977800616649537,1.0
1408,34,0.30977800616649537,1.0
1409,34,0.30977800616649537,1.0
1410,34,0.30977800616649537,1.0
1411,34,0.30977800616649537,1.0
1412,34,0.30977800616649537,1.0
1413,34,0.30977800616649537,1.0
1414,34,0.30977800616649537,1.0
1415,34,0.30977800616649537,1.0
1416,34,0.30977800616649537,1.0
1417,34,0.30977800616649537,1.0
1418,34,0.30977800616649537,1.0
1419,34,0.30977800616649537,1.0
1420,34,0.30977800616649537,1.0
1421,34,0.30977800616649537,1.0
1422,34,0.30977800616649537,1.0
1423,34,0.30977800616649537,1.0
1424,34,0.30977800616649537,1.0
1425,34,0.30977800616649537,1.0
1426,34,0.30977800616649537,1.0
1427,34,0.30977800616649537,1.0
1428,34,0.30977800616649537,1.0
1429,34,0.30977800616649537,1.0
1430,34,0.30977800616649537,1.0
1431,34,0.30977800616649537,1.0
1432,34,0.30977800616649537,1.0
1433,34,0.30977800616649537,1.0
1434,34,0.30977800616649537,1.0
1435,34,0.30977800616649537,1.0
1436,34,0.30977800616649537,1.0
1437,34,0.30977800616649537,1.0
1438,34,0.30977800616649537,1.0
1439,34,0.30977800616649537,1.0
1440,34,0.30977800616649537,1.0
1441,34,0.30977800616649537,1.0
1442,34,0.30977800616649537,1.0
1443,34,0.30977800616649537,1.0
1444,34,0.30977800616649537,1.0
1445,34,0.30977800616649537,1.0
1446,34,0.30977800616649537,1.0
1447,34,0.30977800616649537,1.0
1448,34,0.30977800616649537,1.0
1449,34,0.30977800616649537,1.0
1450,34,0.30977800616649537,1.0
1451,34,0.30977800616649537,1.0
1452,34,0.30977800616649537,1.0
1453,34,0.30977800616649537,1.0
1454,34,0.30977800616649537,1.0
1455,34,0.30977800616649537,1.0
1456,34,0.30977800616649537,1.0
1457,34,0.30977800616649537,1.0
1458,34,0.30977800616649537,1.0
1459,34,0.30977800616649537,1.0
1460,34,0.30977800616649537,1.0
1461,34,0.30977800616649537,1.0
1462,34,0.30977800616649537,1.0
1463,34,0.30977800616649537,1.0
1464,34,0.30977800616649537,1.0
1465,34,0.30977800616649537,1.0
1466,34,0.30977800616649537,1.0
1467,34,0.30977800616649537,1.0
1468,34,0.30977800616649537,1.0
1469,34,0.30977800616649537,1.0
1470,34,0.30977800616649537,1.0
1471,34,0.30977800616649537,1.0
1472,34,0.30977800616649537,1.0
1473,34,0.30977800616649537,1.0
1474,34,0.30977800616649537,1.0
1475,34,0.30977800616649537,1.0
1476,34,0.30977800616649537,1.0
1477,34,0.30977800616649537,1.0
1478,34,0.30977800616649537,1.0
1479,34,0.30977800616649537,1.0
1480,34,0.30977800616649537,1.0
1481,34,0.30977800616649537,1.0
1482,34,0.30977800616649537,1.0
1483,34,0.30977800616649537,1.0
1484,34,0.30977800616649537,1.0
1485,34,0.30977800616649537,1.0
1486,34,0.30977800616649537,1.0
1487,34,0.30977800616649537,1.0
1488,34,0.30977800616649537,1.0
1489,34,0.30977800616649537,1.0
1490,34,0.30977800616649537,1.0
1491,34,0.30977800616649537,1.0
1492,34,0.30977800616649537,1.0
1493,34,0.30977800616649537,1.0
1494,34,0.30977800616649537,1.0
1495,34,0.30977800616649537,1.0
1496,34,0.30977800616649537,1.0
1497,34,0.30977800616649537,1.0
1498,34,0.30977800616649537,1.0
1499,34,0.30977800616649537,1.0
1500,34,0.30977800616649537,1.0
1501,34,0.30977800616649537,1.0
1502,34,0.30977800616649537,1.0
1503,34,0.30977800616649537,1.0
1504,34,0.30977800616649537,1.0
1505,34,0.30977800616649537,1.0
1506,34,0.30977800616649537,1.0
1507,34,0.30977800616649537,1.0
1508,34,0.30977800616649537,1.0
1509,34,0.30977800616649537,1.0
1510,34,0.30977800616649537,1.0
1511,34,0.30977800616649537,1.0
1512,34,0.30977800616649537,1.0
1513,34,0.30977800616649537,1.0
1514,34,0.30977800616649537,1.0
1515,34,0.30977800616649537,1.0
1516,34,0.30977800616649537,1.0
1517,34,0.30977800616649537,1.0
1518,34,0.30977800616649537,1.0
1519,34,0.30977800616649537,1.0
1520,34,0.30977800616649537,1.0
1521,34,0.30977800616649537,1.0
1522,34,0.30977800616649537,1.0
1523,34,0.30977800616649537,1.0
1524,34,0.30977800616649537,1.0
1525,34,0.30977800616649537,1.0
1526,34,0.30977800616649537,1.0
1527,34,0.30977800616649537,1.0
1528,34,0.30977800616649537,1.0
1529,34,0.30977800616649537,1.0
1530,34,0.30977800616649537,1.0
1531,34,0.30977800616649537,1.0
1532,34,0.30977800616649537,1.0
1533,34,0.30977800616649537,1.0
1534,34,0.30977800616649537,1.0
1535,34,0.30977800616649537,1.0
1536,34,0.30977800616649537,1.0
1537,34,0.30977800616649537,1.0
1538,34,0.30977800616649537,1.0
1539,34,0.30977800616649537,1.0
1540,34,0.30977800616649537,1.0
1541,34,0.30977800616649537,1.0
1542,34,0.30977800616649537,1.0
1543,34,0.30977800616649537,1.0
1544,34,0.30977800616649537,1.0
1545,34,0.30977800616649537,1.0
1546,34,0.30977800616649537,1.0
1547,34,0.30977800616649537,1.0
1548,34,0.30977800616649537,1.0
1549,34,0.30977800616649537,1.0
1550,34,0.30977800616649537,1.0
1551,34,0.30977800616649537,1.0
1552,34,0.30977800616649537,1.0
1553,34,0.30977800616649537,1.0
1554,34,0.30977800616649537,1.0
1555,34,0.30977800616649537,1.0
1556,34,0.30977800616649537,1.0
1557,34,0.30977800616649537,1.0
1558,34,0.30977800616649537,1.0
1559,34,0.30977800616649537,1.0
1560,34,0.30977800616649537,1.0
1561,34,0.30977800616649537,1.0
1562,34,0.30977800616649537,1.0
1563,34,0.30977800616649537,1.0
1564,34,0.30977800616649537,1.0
1565,34,0.30977800616649537,1.0
1566,34,0.30977800616649537,1.0
1567,34,0.30977800616649537,1.0
1568,34,0.30977800616649537,1.0
1569,34,0.30977800616649537,1.0
1570,34,0.30977800616649537,1.0
1571,34,0.30977800616649537,1.0
1572,34,0.30977800616649537,1.0
1573,34,0.30977800616649537,1.0
1574,34,0.30977800616649537,1.0
1575,34,0.30977800616649537,1.0
1576,34,0.30977800616649537,1.0
1577,34,0.30977800616649537,1.0
1578,34,0.30977800616649537,1.0
1579,34,0.30977800616649537,1.0
1580,34,0.30977800616649537,1.0
1581,34,0.30977800616649537,1.0
1582,34,0.30977800616649537,1.0
1583,34,0.30977800616649537,1.0
1584,34,0.30977800616649537,1.0
1585,34,0.30977800616649537,1.0
1586,34,0.30977800616649537,1.0
1587,34,0.30977800616649537,1.0
1588,34,0.30977800616649537,1.0
1589,34,0.30977800616649537,1.0
1590,34,0.30977800616649537,1.0
1591,34,0.30977800616649537,1.0
1592,34,0.30977800616649537,1.0
1593,34,0.30977800616649537,1.0
1594,34,0.30977800616649537,1.0
1595,34,0.30977800616649537,1.0
1596,34,0.30977800616649537,1.0
1597,34,0.30977800616649537,1.0
1598,34,0.30977800616649537,1.0
1599,34,0.30977800616649537,1.0
1600,34,0.30977800616649537,1.0
1601,34,0.30977800616649537,1.0
1602,34,0.30977800616649537,1.0
1603,34,0.30977800616649537,1.0
1604,34,0.30977800616649537,1.0
1605,34,0.30977800616649537,1.0
1606,34,0.30977800616649537,1.0
1607,34,0.30977800616649537,1.0
1608,34,0.30977800616649537,1.0
1609,34,0.30977800616649537,1.0
1610,34,0.30977800616649537,1.0
1611,34,0.30977800616649537,1.0
1612,34,0.30977800616649537,1.0
1613,34,0.30977800616649537,1.0
1614,34,0.30977800616649537,1.0
1615,34,0.30977800616649537,1.0
1616,34,0.30977800616649537,1.0
1617,34,0.30977800616649537,1.0
1618,34,0.30977800616649537,1.0
1619,34,0.30977800616649537,1.0
1620,34,0.30977800616649537,1.0
1621,34,0.30977800616649537,1.0
1622,34,0.30977800616649537,1.0
1623,34,0.30977800616649537,1.0
1624,34,0.30977800616649537,1.0
1625,34,0.30977800616649537,1.0
1626,34,0.30977800616649537,1.0
1627,34,0.30977800616649537,1.0
1628,34,0.30977800616649537,1.0
1629,34,0.30977800616649537,1.0
1630,34,0.30977800616649537,1.0
1631,34,0.30977800616649537,1.0
1632,34,0.30977800616649537,1.0
1633,34,0.30977800616649537,1.0
1634,34,0.30977800616649537,1.0
1635,34,0.30977800616649537,1.0
1636,34,0.30977800616649537,1.0
1637,34,0.30977800616649537,1.0
1638,34,0.30977800616649537,1.0
1639,34,0.30977800616649537,1.0
1640,34,0.30977800616649537,1.0
1641,34,0.30977800616649537,1.0
1642,34,0.30977800616649537,1.0
1643,34,0.30977800616649537,1.0
1644,34,0.30977800616649537,1.0
1645,34,0.30977800616649537,1.0
1646,34,0.30977800616649537,1.0
1647,34,0.30977800616649537,1.0
1648,34,0.30977800616649537,1.0
1649,34,0.30977800616649537,1.0
1650,34,0.30977800616649537,1.0
1651,34,0.30977800616649537,1.0
1652,34,0.30977800616649537,1.0
1653,34,0.30977800616649537,1.0
1654,34,0.30977800616649537,1.0
1655,34,0.30977800616649537,1.0
1656,34,0.30977800616649537,1.0
1657,34,0.30977800616649537,1.0
1658,34,0.30977800616649537,1.0
1659,34,0.30977800616649537,1.0
1660,34,0.30977800616649537,1.0
1661,34,0.30977800616649537,1.0
1662,34,0.30977800616649537,1.0
1663,34,0.30977800616649537,1.0
1664,34,0.30977800616649537,1.0
1665,34,0.30977800616649537,1.0
1666,34,0.30977800616649537,1.0
1667,34,0.30977800616649537,1.0
1668,34,0.30977800616649537,1.0
1669,34,0.30977800616649537,1.0
1670,34,0.30977800616649537,1.0
1671,34,0.30977800616649537,1.0
1672,34,0.30977800616649537,1.0
1673,34,0.30977800616649537,1.0
1674,34,0.30977800616649537,1.0
1675,34,0.30977800616649537,1.0
1676,34,0.30977800616649537,1.0
1677,34,0.30977800616649537,1.0
1678,34,0.30977800616649537,1.0
1679,34,0.30977800616649537,1.0
1680,34,0.30977800616649537,1.0
1681,34,0.30977800616649537,1.0
1682,34,0.30977800616649537,1.0
1683,34,0.30977800616649537,1.0
1684,34,0.30977800616649537,1.0
1685,34,0.30977800616649537,1.0
1686,34,0.30977800616649537,1.0
1687,34,0.30977800616649537,1.0
1688,34,0.30977800616649537,1.0
1689,34,0.30977800616649537,1.0
1690,34,0.30977800616649537,1.0
1691,34,0.30977800616649537,1.0
1692,34,0.30977800616649537,1.0
1693,34,0.30977800616649537,1.0
1694,34,0.30977800616649537,1.0
1695,34,0.30977800616649537,1.0
1696,34,0.30977800616649537,1.0
1697,34,0.30977800616649537,1.0
1698,34,0.30977800616649537,1.0
1699,34,0.30977800616649537,1.0
1700,34,0.30977800616649537,1.0
1701,34,0.30977800616649537,1.0
1702,34,0.30977800616649537,1.0
1703,34,0.30977800616649537,1.0
1704,34,0.30977800616649537,1.0
1705,34,0.30977800616649537,1.0
1706,34,0.30977800616649537,1.0
1707,34,0.30977800616649537,1.0
1708,34,0.30977800616649537,1.0
1709,34,0.30977800616649537,1.0
1710,34,0.30977800616649537,1.0
1711,34,0.30977800616649537,1.0
1712,34,0.30977800616649537,1.0
1713,34,0.30977800616649537,1.0
1714,34,0.30977800616649537,1.0
1715,34,0.30977800616649537,1.0
1716,34,0.30977800616649537,1.0
1717,34,0.30977800616649537,1.0
1718,34,0.30977800616649537,1.0
1719,34,0.30977800616649537,1.0
1720,34,0.30977800616649537,1.0
1721,34,0.30977800616649537,1.0
1722,34,0.30977800616649537,1.0
1723,34,0.30977800616649537,1.0
1724,34,0.30977800616649537,1.0
1725,34,0.30977800616649537,1.0
1726,34,0.30977800616649537,1.0
1727,34,0.30977800616649537,1.0
1728,34,0.30977800616649537,1.0
1729,34,0.30977800616649537,1.0
1730,34,0.30977800616649537,1.0
1731,34,0.30977800616649537,1.0
1732,34,0.30977800616649537,1.0
1733,34,0.30977800616649537,1.0
1734,34,0.30977800616649537,1.0
1735,34,0.30977800616649537,1.0
1736,34,0.30977800616649537,1.0
1737,34,0.30977800616649537,1.0
1738,34,0.30977800616649537,1.0
1739,34,0.30977800616649537,1.0
1740,34,0.30977800616649537,1.0
1741,34,0.30977800616649537,1.0
1742,34,0.30977800616649537,1.0
1743,34,0.30977800616649537,1.0
1744,34,0.30977800616649537,1.0
1745,34,0.30977800616649537,1.0
1746,34,0.30977800616649537,1.0
1747,34,0.30977800616649537,1.0
1748,34,0.30977800616649537,1.0
1749,34,0.30977800616649537,1.0
1750,34,0.30977800616649537,1.0
1751,34,0.30977800616649537,1.0
1752,34,0.30977800616649537,1.0
1753,34,0.30977800616649537,1.0
1754,34,0.30977800616649537,1.0
1755,34,0.30977800616649537,1.0
1756,34,0.30977800616649537,1.0
1757,34,0.30977800616649537,1.0
1758,34,0.30977800616649537,1.0
1759,34,0.30977800616649537,1.0
1760,34,0.30977800616649537,1.0
1761,34,0.30977800616649537,1.0
1762,34,0.30977800616649537,1.0
1763,34,0.30977800616649537,1.0
1764,34,0.30977800616649537,1.0
1765,34,0.30977800616649537,1.0
1766,34,0.30977800616649537,1.0
1767,34,0.30977800616649537,1.0
1768,34,0.30977800616649537,1.0
1769,34,0.30977800616649537,1.0
1770,34,0.30977800616649537,1.0
1771,34,0.30977800616649537,1.0
1772,34,0.30977800616649537,1.0
1773,34,0.30977800616649537,1.0
1774,34,0.30977800616649537,1.0
1775,34,0.30977800616649537,1.0
1776,34,0.30977800616649537,1.0
1777,34,0.30977800616649537,1.0
1778,34,0.30977800616649537,1.0
1779,34,0.30977800616649537,1.0
1780,34,0.30977800616649537,1.0
1781,34,0.30977800616649537,1.0
1782,34,0.30977800616649537,1.0
1783,34,0.30977800616649537,1.0
1784,34,0.30977800616649537,1.0
1785,34,0.30977800616649537,1.0
1786,34,0.30977800616649537,1.0
1787,34,0.30977800616649537,1.0
1788,34,0.30977800616649537,1.0
1789,34,0.30977800616649537,1.0
1790,34,0.30977800616649537,1.0
1791,34,0.30977800616649537,1.0
1792,34,0.30977800616649537,1.0
1793,34,0.30977800616649537,1.0
1794,34,0.30977800616649537,1.0
1795,34,0.30977800616649537,1.0
1796,34,0.30977800616649537,1.0
1797,34,0.30977800616649537,1.0
1798,34,0.30977800616649537,1.0
1799,34,0.30977800616649537,1.0
1800,34,0.30977800616649537,1.0
1801,34,0.30977800616649537,1.0
1802,34,0.30977800616649537,1.0
1803,34,0.30977800616649537,1.0
1804,34,0.30977800616649537,1.0
1805,34,0.30977800616649537,1.0
1806,34,0.30977800616649537,1.0
1807,34,0.30977800616649537,1.0
1808,34,0.30977800616649537,1.0
1809,34,0.30977800616649537,1.0
1810,34,0.30977800616649537,1.0
1811,34,0.30977800616649537,1.0
1812,34,0.30977800616649537,1.0
1813,34,0.30977800616649537,1.0
1814,34,0.30977800616649537,1.0
1815,34,0.30977800616649537,1.0
1816,34,0.30977800616649537,1.0
1817,34,0.30977800616649537,1.0
1818,34,0.30977800616649537,1.0
1819,34,0.30977800616649537,1.0
1820,34,0.30977800616649537,1.0
1821,34,0.30977800616649537,1.0
1822,34,0.30977800616649537,1.0
1823,34,0.30977800616649537,1.0
1824,34,0.30977800616649537,1.0
1825,34,0.30977800616649537,1.0
1826,34,0.30977800616649537,1.0
1827,34,0.30977800616649537,1.0
1828,34,0.30977800616649537,1.0
1829,34,0.30977800616649537,1.0
1830,34,0.30977800616649537,1.0
1831,34,0.30977800616649537,1.0
1832,34,0.30977800616649537,1.0
1833,34,0.30977800616649537,1.0
1834,34,0.30977800616649537,1.0
1835,34,0.30977800616649537,1.0
1836,34,0.30977800616649537,1.0
1837,34,0.30977800616649537,1.0
1838,34,0.30977800616649537,1.0
1839,34,0.30977800616649537,1.0
1840,34,0.30977800616649537,1.0
1841,34,0.30977800616649537,1.0
1842,34,0.30977800616649537,1.0
1843,34,0.30977800616649537,1.0
1844,34,0.30977800616649537,1.0
1845,34,0.30977800616649537,1.0
1846,34,0.30977800616649537,1.0
1847,34,0.30977800616649537,1.0
1848,34,0.30977800616649537,1.0
1849,34,0.30977800616649537,1.0
1850,34,0.30977800616649537,1.0
1851,34,0.30977800616649537,1.0
1852,34,0.30977800616649537,1.0
1853,34,0.30977800616649537,1.0
1854,34,0.30977800616649537,1.0
1855,34,0.30977800616649537,1.0
1856,34,0.30977800616649537,1.0
1857,34,0.30977800616649537,1.0
1858,34,0.30977800616649537,1.0
1859,34,0.30977800616649537,1.0
1860,34,0.30977800616649537,1.0
1861,34,0.30977800616649537,1.0
1862,34,0.30977800616649537,1.0
1863,34,0.30977800616649537,1.0
1864,34,0.30977800616649537,1.0
1865,34,0.30977800616649537,1.0
1866,34,0.30977800616649537,1.0
1867,34,0.30977800616649537,1.0
1868,34,0.30977800616649537,1.0
1869,34,0.30977800616649537,1.0
1870,34,0.30977800616649537,1.0
1871,34,0.30977800616649537,1.0
1872,34,0.30977800616649537,1.0
1873,34,0.30977800616649537,1.0
1874,34,0.30977800616649537,1.0
1875,34,0.30977800616649537,1.0
1876,34,0.30977800616649537,1.0
1877,34,0.30977800616649537,1.0
1878,34,0.30977800616649537,1.0
1879,34,0.30977800616649537,1.0
1880,34,0.30977800616649537,1.0
1881,34,0.30977800616649537,1.0
1882,34,0.30977800616649537,1.0
1883,34,0.30977800616649537,1.0
1884,34,0.30977800616649537,1.0
1885,34,0.30977800616649537,1.0
1886,34,0.30977800616649537,1.0
1887,34,0.30977800616649537,1.0
1888,34,0.30977800616649537,1.0
1889,34,0.30977800616649537,1.0
1890,34,0.30977800616649537,1.0
1891,34,0.30977800616649537,1.0
1892,34,0.30977800616649537,1.0
1893,34,0.30977800616649537,1.0
1894,34,0.30977800616649537,1.0
1895,34,0.30977800616649537,1.0
1896,34,0.30977800616649537,1.0
1897,34,0.30977800616649537,1.0
1898,34,0.30977800616649537,1.0
1899,34,0.30977800616649537,1.0
1900,34,0.30977800616649537,1.0
1901,34,0.30977800616649537,1.0
1902,34,0.30977800616649537,1.0
1903,34,0.30977800616649537,1.0
1904,34,0.30977800616649537,1.0
1905,34,0.30977800616649537,1.0
1906,34,0.30977800616649537,1.0
1907,34,0.30977800616649537,1.0
1908,34,0.30977800616649537,1.0
1909,34,0.30977800616649537,1.0
1910,34,0.30977800616649537,1.0
1911,34,0.30977800616649537,1.0
1912,34,0.30977800616649537,1.0
1913,34,0.30977800616649537,1.0
1914,34,0.30977800616649537,1.0
1915,34,0.30977800616649537,1.0
1916,34,0.30977800616649537,1.0
1917,34,0.30977800616649537,1.0
1918,34,0.30977800616649537,1.0
1919,34,0.30977800616649537,1.0
1920,34,0.30977800616649537,1.0
1921,34,0.30977800616649537,1.0
1922,34,0.30977800616649537,1.0
1923,34,0.30977800616649537,1.0
1924,34,0.30977800616649537,1.0
1925,34,0.30977800616649537,1.0
1926,34,0.30977800616649537,1.0
1927,34,0.30977800616649537,1.0
1928,34,0.30977800616649537,1.0
1929,34,0.30977800616649537,1.0
1930,34,0.30977800616649537,1.0
1931,34,0.30977800616649537,1.0
1932,34,0.30977800616649537,1.0
1933,34,0.30977800616649537,1.0
1934,34,0.30977800616649537,1.0
1935,34,0.30977800616649537,1.0
1936,34,0.30977800616649537,1.0
1937,34,0.30977800616649537,1.0
1938,34,0.30977800616649537,1.0
1939,34,0.30977800616649537,1.0
1940,34,0.30977800616649537,1.0
1941,34,0.30977800616649537,1.0
1942,34,0.30977800616649537,1.0
1943,34,0.30977800616649537,1.0
1944,34,0.30977800616649537,1.0
1945,34,0.30977800616649537,1.0
1946,34,0.30977800616649537,1.0
1947,34,0.30977800616649537,1.0
1948,34,0.30977800616649537,1.0
1949,34,0.30977800616649537,1.0
1950,34,0.30977800616649537,1.0
1951,34,0.30977800616649537,1.0
1952,34,0.30977800616649537,1.0
1953,34,0.30977800616649537,1.0
1954,34,0.30977800616649537,1.0
1955,34,0.30977800616649537,1.0
1956,34,0.30977800616649537,1.0
1957,34,0.30977800616649537,1.0
1958,34,0.30977800616649537,1.0
1959,34,0.30977800616649537,1.0
1960,34,0.30977800616649537,1.0
1961,34,0.30977800616649537,1.0
1962,34,0.30977800616649537,1.0
1963,34,0.30977800616649537,1.0
1964,34,0.30977800616649537,1.0
1965,34,0.30977800616649537,1.0
1966,34,0.30977800616649537,1.0
1967,34,0.30977800616649537,1.0
1968,34,0.30977800616649537,1.0
1969,34,0.30977800616649537,1.0
1970,34,0.30977800616649537,1.0
1971,34,0.30977800616649537,1.0
1972,34,0.30977800616649537,1.0
1973,34,0.30977800616649537,1.0
1974,34,0.30977800616649537,1.0
1975,34,0.30977800616649537,1.0
1976,34,0.30977800616649537,1.0
1977,34,0.30977800616649537,1.0
1978,34,0.30977800616649537,1.0
1979,34,0.30977800616649537,1.0
1980,34,0.30977800616649537,1.0
1981,34,0.30977800616649537,1.0
1982,34,0.30977800616649537,1.0
1983,34,0.30977800616649537,1.0
1984,34,0.30977800616649537,1.0
1985,34,0.30977800616649537,1.0
1986,34,0.30977800616649537,1.0
1987,34,0.30977800616649537,1.0
1988,34,0.30977800616649537,1.0
1989,34,0.30977800616649537,1.0
1990,34,0.30977800616649537,1.0
1991,34,0.30977800616649537,1.0
1992,34,0.30977800616649537,1.0
1993,34,0.30977800616649537,1.0
1994,34,0.30977800616649537,1.0
1995,34,0.30977800616649537,1.0
1996,34,0.30977800616649537,1.0
1997,34,0.30977800616649537,1.0
1998,34,0.30977800616649537,1.0
1999,34,0.30977800616649537,1.0
2000,34,0.30977800616649537,1.0
2001,34,0.30977800616649537,1.0
5,100,140,0.1,0,200,0,7,0.1,2000,34,0.30977800616649537,"[35, 35, 35, 35, 35, 35, 35, 35, 35, 35, 35, 35, 35, 35, 35, 35, 35, 35, 35, 35, 35, 35, 35, 35, 35, 30, 30, 35, 35, 35, 35, 35, 35, 35, 35, 35, 35, 35, 35, 35, 35, 35, 35, 35, 35, 35, 35, 35, 35, 35, 35, 35, 35, 35, 35, 35, 35, 35, 35, 35, 35, 35, 35, 35, 35, 35, 35, 35, 35, 35, 35, 35, 35, 35, 35, 35, 35, 35, 35, 35, 35, 35, 35, 35, 35, 35, 35, 35, 35, 35, 35, 35, 35, 35, 35, 35, 35, 35, 35, 35, 35, 35, 35, 35, 35, 35, 35, 35, 35, 35, 35, 35, 35, 35, 35, 35, 35, 35, 35, 35, 35, 35, 35, 35, 35, 35, 35, 35, 35, 35, 35, 35, 35, 35, 35, 35, 35, 35, 35, 35]"
