0,0,0,0,0,0,0,0,0,0,0,0,0,0,0,0,0,5,0,0,0,0,5,0,0,0,0,0,0,0,0,5,0,0,0,0,0,0,0,0,0,0,0,0,0,0,0,0,0,0,0,0,0,5,0,0,0,0,0,5,0,0,0,0,0,0,0,0,0,0,0,0,0,0,0,5,0,0,0,0,0,0,0,0,0,0,0,0,0,0,0,0,0,0,0,0,5,0,0,0,0,0,0,0,0,0,0,0,0,0,0,0,5,0,0,0,0,0,0,5,0,0,5,5,0,0,0,0,0,0,0,0,0,0,0,5,0,5,0,0
1,0.0,0.6662661870503597
5,100,140,0.3,0,0,0,4,0.17,2000,29,0.34696711202466596,"[30, 30, 30, 30, 30, 30, 30, 30, 30, 30, 30, 30, 30, 30, 30, 30, 30, 30, 30, 30, 30, 30, 30, 30, 30, 30, 30, 30, 25, 20, 25, 30, 30, 30, 30, 30, 30, 30, 30, 30, 30, 30, 30, 20, 30, 30, 30, 30, 30, 30, 15, 30, 30, 30, 20, 20, 25, 30, 30, 30, 25, 25, 25, 30, 30, 30, 30, 30, 30, 30, 30, 30, 30, 30, 30, 30, 30, 30, 30, 30, 30, 30, 30, 20, 30, 30, 30, 30, 30, 30, 30, 30, 30, 30, 30, 30, 30, 30, 30, 30, 30, 30, 30, 30, 30, 30, 30, 30, 30, 30, 30, 30, 25, 30, 30, 30, 25, 30, 30, 30, 30, 30, 30, 30, 25, 30, 30, 30, 30, 30, 30, 30, 30, 30, 30, 30, 30, 25, 20, 20]"
