0,0,0,0,0,0,0,0,0,0,0,0,0,0,0,0,0,0,0,0,0,0,5,0,0,0,0,0,0,0,0,0,0,0,0,0,0,0,0,0,0,0,5,0,0,0,0,5,0,0,0,0,0,0,0,0,0,0,0,0,0,5,0,0,0,0,0,0,5,0,0,0,0,0,0,0,0,0,0,0,0,0,5,0,0,0,0,0,0,0,0,0,0,0,0,0,0,0,0,0,0,5,0,0,0,0,0,0,0,0,0,0,0,0,0,0,0,0,0,5,0,0,0,0,0,0,0,0,0,0,0,0,0,0,0,0,5,0,0,0
1,0.0,0.6665662898252827
2,0,0.6585477903391572
3,1,0.6358314491264132
4,2,0.600967112024666
5,4,0.5594830421377184
6,6,0.5081120246659815
7,8,0.44977697841726616
8,11,0.39719527235354574
9,14,0.33969475847893116
10,18,0.28872867420349435
11,22,0.24271839671120246
12,25,0.20171223021582735
13,28,0.1725169578622816
14,31,0.1439660842754368
15,33,0.12496505652620761
16,36,0.10834635149023639
17,38,0.0946978417266187
18,40,0.08481706063720452
19,41,0.07610894141829394
20,44,0.06675642343268243
21,45,0.06101336073997945
22,47,0.05450976361767729
23,48,0.05169886947584789
24,49,0.047783144912641316
25,50,0.042990750256937306
26,51,0.037771839671120244
27,52,0.032886947584789314
28,53,0.02935971223021583
29,53,0.02680678314491264
30,54,0.025745118191161355
31,54,0.02491572456320658
32,54,0.02428365878725591
33,54,0.024012332990750257
34,54,0.02347070914696814
35,54,0.022816032887975336
36,54,0.022532374100719423
37,54,0.022252826310380266
38,54,0.0221120246659815
39,55,0.021969167523124358
40,55,0.021969167523124358
5,100,140,0.3,0,200,0,0.16,39,55,0.021969167523124358,"[55, 55, 55, 55, 55, 55, 55, 55, 55, 55, 55, 55, 55, 55, 55, 55, 55, 55, 55, 55, 55, 55, 55, 55, 55, 55, 55, 55, 55, 55, 55, 55, 55, 55, 55, 55, 55, 55, 55, 55, 55, 55, 55, 55, 55, 55, 55, 55, 55, 55, 55, 55, 55, 55, 55, 55, 55, 55, 55, 55, 55, 55, 55, 55, 55, 55, 55, 55, 55, 55, 55, 55, 55, 55, 55, 55, 55, 55, 55, 55, 55, 55, 55, 55, 55, 55, 55, 55, 55, 55, 55, 55, 55, 55, 55, 55, 55, 55, 55, 55, 55, 55, 55, 55, 55, 55, 55, 55, 55, 55, 55, 55, 55, 55, 55, 55, 55, 55, 55, 55, 55, 55, 55, 55, 55, 55, 55, 55, 55, 55, 55, 55, 55, 55, 55, 55, 55, 55, 55, 55]"
