0,0,5,0,0,0,0,0,0,0,0,0,0,0,0,0,0,0,0,0,0,0,0,0,0,0,0,0,0,0,0,0,0,0,0,0,5,0,0,0,0,0,0,0,5,5,0,0,0,0,5,0,0,0,0,0,0,0,0,0,0,0,0,0,0,0,0,5,0,0,0,5,0,0,0,0,0,0,0,0,0,0,0,0,0,0,0,0,0,0,0,0,0,5,0,0,0,0,0,0,0,0,0,0,0,0,0,0,0,0,0,0,0,0,0,0,0,0,0,0,5,0,0,0,0,5,5,0,5,0,0,0,5,5,0,0,0,0,0,0
1,0.0,0.6662538540596095
2,0,0.6661438848920863
3,0,0.6659198355601234
4,0,0.6652713257965056
5,0,0.664775950668037
6,1,0.6643288797533402
7,1,0.6638478931140802
8,1,0.6630811921891059
9,1,0.6619424460431654
10,1,0.6611469681397739
11,1,0.6602846865364851
12,1,0.659
13,1,0.658
14,2,0.657153134635149
15,2,0.6555282631038026
16,2,0.6540719424460432
17,2,0.6525673175745118
18,2,0.6512641315519013
19,2,0.6500719424460432
20,3,0.6488622816032888
21,3,0.6475858170606372
22,3,0.6464049331963001
23,3,0.6451099691675232
24,3,0.6443792394655704
25,3,0.6429475847893114
26,4,0.6414357656731757
27,4,0.6397841726618705
28,4,0.6381469681397739
29,4,0.6365601233299075
30,5,0.6344624871531346
31,5,0.6326433710174717
32,5,0.6295385405960946
33,5,0.6270976361767728
34,5,0.6254419321685508
35,5,0.6236824254881809
36,6,0.6221582733812949
37,6,0.6209876670092498
38,6,0.6187646454265159
39,6,0.6166988694758478
40,6,0.614551901336074
41,6,0.6122055498458376
42,7,0.610294964028777
43,7,0.608940390544707
44,7,0.6083792394655704
45,7,0.6070020554984584
46,7,0.6064398766700925
47,7,0.6050966084275436
48,7,0.6037194244604317
49,8,0.6028725590955807
50,8,0.6021880781089414
51,8,0.6014665981500514
52,8,0.6008684480986639
53,8,0.600726618705036
54,8,0.6001459403905447
55,8,0.5998396711202466
56,8,0.5996361767728674
57,8,0.5990596094552929
58,8,0.5982517985611511
59,8,0.597262076053443
60,8,0.5962857142857143
61,8,0.59520246659815
62,8,0.5944922918807811
63,8,0.5932929085303186
64,8,0.5925817060637204
65,8,0.5918612538540596
66,9,0.5912785200411099
67,9,0.5894152106885919
68,9,0.588087358684481
69,9,0.5872723535457348
70,9,0.5867810894141829
71,9,0.5865601233299075
72,9,0.5864902363823227
73,9,0.5862528263103802
74,9,0.5859917780061665
75,9,0.5857564234326824
76,9,0.5857194244604317
77,9,0.5857194244604317
78,9,0.5857194244604317
79,9,0.5857194244604317
80,9,0.5856330935251799
81,9,0.5852106885919836
82,9,0.5852106885919836
83,9,0.5851233299075026
84,9,0.5848396711202467
85,9,0.5845590955806783
86,9,0.5844614594039055
87,9,0.5843432682425488
88,9,0.5842250770811922
89,9,0.5835436793422405
90,9,0.5833011305241521
91,9,0.5828776978417266
92,9,0.5825991778006167
93,9,0.5825416238437822
94,9,0.5823155190133608
95,9,0.5821438848920863
96,9,0.5818900308324769
97,9,0.5818437821171634
98,9,0.5816742034943474
99,9,0.5816742034943474
100,9,0.5816742034943474
101,9,0.5816742034943474
102,9,0.5816742034943474
103,9,0.5816742034943474
104,9,0.5816742034943474
5,100,140,0.3,0,200,0,0.01,103,9,0.5816742034943474,"[0, 0, 25, 0, 25, 10, 0, 25, 0, 15, 5, 0, 15, 0, 0, 0, 0, 0, 0, 5, 25, 0, 25, 25, 25, 0, 0, 0, 25, 25, 25, 0, 25, 25, 0, 5, 25, 0, 0, 0, 25, 25, 5, 25, 25, 25, 0, 10, 25, 0, 20, 0, 25, 0, 25, 25, 5, 5, 0, 0, 25, 5, 0, 0, 0, 0, 0, 5, 25, 0, 0, 5, 25, 0, 0, 0, 20, 5, 5, 0, 5, 0, 25, 0, 25, 0, 25, 25, 5, 0, 25, 0, 10, 5, 15, 5, 25, 20, 25, 0, 0, 25, 25, 25, 0, 25, 0, 0, 0, 0, 5, 0, 15, 25, 0, 0, 0, 0, 0, 25, 5, 5, 0, 25, 20, 5, 25, 25, 10, 0, 0, 0, 5, 5, 0, 15, 20, 0, 0, 10]"
