0,0,0,0,0,0,0,0,5,0,0,0,0,0,0,0,0,0,0,0,0,5,0,0,0,0,0,0,5,0,0,0,5,0,0,0,0,0,0,0,0,0,0,0,0,0,0,0,0,0,0,0,0,0,0,0,0,0,0,0,0,0,0,0,0,0,0,0,0,0,0,0,0,0,0,0,0,0,0,0,0,0,0,0,0,0,0,0,0,0,0,0,5,0,0,0,5,0,0,0,5,0,0,0,0,0,0,0,0,0,0,0,0,0,5,0,0,5,0,0,0,0,0,0,0,0,0,0,5,5,0,0,0,0,0,0,0,0,0,0
1,0.0,0.6664635149023638
2,0,0.6629116135662898
3,1,0.6478242548818088
4,1,0.6281952723535458
5,2,0.6088417266187051
6,3,0.5834737923946557
7,4,0.5567009249743062
8,5,0.5236680369989722
9,6,0.48818499486125383
10,8,0.45030421377183966
11,9,0.41515827338129496
12,11,0.38354573484069887
13,13,0.35710996916752313
14,15,0.3336700924974306
15,17,0.30631449126413157
16,19,0.2835652620760534
17,20,0.2656587872559096
18,21,0.2492744090441932
19,23,0.23563206577595067
20,24,0.22091572456320657
21,26,0.2043186022610483
22,27,0.19037307297019526
23,28,0.17415313463514903
24,30,0.1587512846865365
25,32,0.14315827338129497
26,35,0.12665159301130524
27,37,0.11250359712230215
28,38,0.10215005138746146
29,39,0.09405447070914696
30,40,0.08463926002055498
31,41,0.07595786228160328
32,42,0.07109660842754367
33,43,0.0677584789311408
34,43,0.06453956834532375
35,44,0.062159301130524154
36,44,0.06079136690647482
37,44,0.05990236382322713
38,44,0.059107913669064746
39,44,0.05875642343268243
40,44,0.05836279547790339
41,44,0.05821993833504625
42,44,0.05807913669064748
43,44,0.05807913669064748
44,44,0.05793627954779034
45,44,0.05793627954779034
46,45,0.057793422404933195
47,45,0.057793422404933195
5,100,140,0.3,0,200,0,0.09,46,45,0.057793422404933195,"[45, 45, 45, 45, 45, 45, 45, 45, 45, 45, 45, 45, 45, 45, 45, 45, 45, 45, 45, 45, 45, 45, 45, 45, 45, 45, 45, 45, 45, 45, 45, 45, 45, 45, 45, 45, 45, 45, 45, 45, 45, 45, 45, 45, 45, 45, 45, 45, 45, 45, 45, 45, 45, 45, 45, 45, 45, 45, 45, 45, 45, 45, 45, 45, 45, 45, 45, 45, 45, 45, 45, 45, 45, 45, 45, 45, 45, 45, 45, 45, 45, 45, 45, 45, 45, 45, 45, 45, 45, 45, 45, 45, 45, 45, 45, 45, 45, 45, 45, 45, 45, 45, 45, 45, 45, 45, 45, 45, 45, 45, 45, 45, 45, 45, 45, 45, 45, 45, 45, 45, 45, 45, 45, 45, 45, 45, 45, 45, 45, 45, 45, 45, 45, 45, 45, 45, 45, 45, 45, 45]"
