0,0,0,0,0,0,0,0,0,0,0,0,0,0,0,0,5,0,0,0,0,0,0,0,0,0,0,0,0,0,0,0,0,0,0,0,0,5,0,0,0,0,0,0,0,0,0,0,0,0,0,0,0,0,0,5,0,0,0,0,5,5,0,0,0,0,0,0,0,0,0,0,0,5,0,0,0,0,0,0,0,0,0,0,0,0,0,0,0,0,0,0,0,0,0,0,0,0,0,0,0,0,0,0,0,0,0,5,5,0,0,0,0,0,0,5,5,5,0,0,0,0,0,0,0,0,0,0,0,0,0,0,0,0,0,5,0,0,0,0
1,0.0,0.6671223021582734
2,1,0.6381099691675232
3,2,0.5781932168550874
4,5,0.5054511819116135
5,7,0.4264552929085303
6,10,0.3475107913669065
7,12,0.27788078108941416
8,13,0.22778006166495376
9,16,0.18386433710174718
10,18,0.14741109969167523
11,21,0.1174224049331963
12,23,0.09175642343268242
13,26,0.07316135662898253
14,28,0.06166289825282631
15,30,0.05005549845837615
16,32,0.04405652620760534
17,34,0.03908427543679342
18,37,0.035715313463514906
19,39,0.03125179856115108
20,41,0.02576567317574512
21,43,0.024504624871531346
22,45,0.020826310380267214
23,46,0.017140801644398768
24,47,0.013894141829393627
25,48,0.011894141829393627
26,49,0.010156217882836587
27,49,0.008841726618705036
28,49,0.008590955806783145
29,49,0.00762589928057554
30,49,0.007083247687564235
31,49,0.006801644398766701
32,49,0.006660842754367935
33,49,0.006660842754367935
34,49,0.006377183967112025
35,49,0.006377183967112025
36,49,0.006377183967112025
37,49,0.006377183967112025
38,50,0.0062343268242548815
39,50,0.0062343268242548815
5,100,140,0.3,0,200,0,0.5,38,50,0.0062343268242548815,"[50, 50, 50, 50, 50, 50, 50, 50, 50, 50, 50, 50, 50, 50, 50, 50, 50, 50, 50, 50, 50, 50, 50, 50, 50, 50, 50, 50, 50, 50, 50, 50, 50, 50, 50, 50, 50, 50, 50, 50, 50, 50, 50, 50, 50, 50, 50, 50, 50, 50, 50, 50, 50, 50, 50, 50, 50, 50, 50, 50, 50, 50, 50, 50, 50, 50, 50, 50, 50, 50, 50, 50, 50, 50, 50, 50, 50, 50, 50, 50, 50, 50, 50, 50, 50, 50, 50, 50, 50, 50, 50, 50, 50, 50, 50, 50, 50, 50, 50, 50, 50, 50, 50, 50, 50, 50, 50, 50, 50, 50, 50, 50, 50, 50, 50, 50, 50, 50, 50, 50, 50, 50, 50, 50, 50, 50, 50, 50, 50, 50, 50, 50, 50, 50, 50, 50, 50, 50, 50, 50]"
