0,0,0,0,0,0,0,0,0,0,0,0,0,0,0,0,5,5,0,0,0,0,0,0,0,0,0,0,0,0,0,0,0,0,0,0,0,0,0,0,0,0,5,0,0,5,0,0,0,0,0,0,5,0,0,0,5,0,0,0,0,0,0,0,0,0,0,0,0,0,0,0,0,0,0,0,0,0,0,0,0,0,0,0,0,0,0,0,0,0,0,0,0,0,0,0,0,0,5,5,0,0,0,0,0,0,0,0,0,0,0,0,0,0,0,0,0,0,0,0,0,0,0,0,0,0,0,5,0,0,0,0,0,0,0,0,0,0,0,0
1,0.0,0.6662261048304213
2,0,0.6574080164439877
3,1,0.6342415210688592
4,2,0.596191161356629
5,4,0.5474820143884892
6,6,0.4896618705035971
7,8,0.43137204522096606
8,12,0.3704224049331963
9,15,0.3155858170606372
10,18,0.2630020554984584
11,21,0.21819321685508736
12,24,0.18125282631038026
13,27,0.15377697841726617
14,30,0.1290616649537513
15,32,0.10833915724563206
16,35,0.08819218910585817
17,36,0.07749023638232272
18,39,0.06266906474820144
19,40,0.053900308324768754
20,42,0.04628365878725591
21,43,0.04073895169578623
22,45,0.03534121274409044
23,47,0.03075334018499486
24,48,0.026019527235354573
25,50,0.022034943473792395
26,51,0.01966289825282631
27,52,0.016911613566289826
28,52,0.014341212744090443
29,53,0.012447070914696814
30,53,0.01089825282631038
31,54,0.010180883864337102
32,54,0.008975334018499486
33,54,0.008188078108941418
34,54,0.007918807810894142
35,54,0.007255909558067831
36,54,0.007115107913669065
37,54,0.006833504624871531
38,54,0.006833504624871531
39,54,0.006692702980472765
40,54,0.006692702980472765
41,54,0.006692702980472765
42,54,0.006549845837615622
43,54,0.006549845837615622
44,54,0.006549845837615622
45,55,0.006406988694758479
46,55,0.006406988694758479
5,100,140,0.3,0,200,0,0.19,45,55,0.006406988694758479,"[55, 55, 55, 55, 55, 55, 55, 55, 55, 55, 55, 55, 55, 55, 55, 55, 55, 55, 55, 55, 55, 55, 55, 55, 55, 55, 55, 55, 55, 55, 55, 55, 55, 55, 55, 55, 55, 55, 55, 55, 55, 55, 55, 55, 55, 55, 55, 55, 55, 55, 55, 55, 55, 55, 55, 55, 55, 55, 55, 55, 55, 55, 55, 55, 55, 55, 55, 55, 55, 55, 55, 55, 55, 55, 55, 55, 55, 55, 55, 55, 55, 55, 55, 55, 55, 55, 55, 55, 55, 55, 55, 55, 55, 55, 55, 55, 55, 55, 55, 55, 55, 55, 55, 55, 55, 55, 55, 55, 55, 55, 55, 55, 55, 55, 55, 55, 55, 55, 55, 55, 55, 55, 55, 55, 55, 55, 55, 55, 55, 55, 55, 55, 55, 55, 55, 55, 55, 55, 55, 55]"
